the array is 
15 107 125 141 281 415 542 584 586 610 658 680 696 848 956 1200 1348 1384 1654 1765 1778 1966 2002 2076 2130 2247 2335 2345 2497 2580 2649 3022 3216 3318 3386 3556 3664 3666 3794 3908 3952 3995 4112 4163 4280 4291 4411 4677 4735 4735 4878 4970 5173 5290 5465 5773 5801 5850 5855 5857 6078 6239 6287 6319 6367 6370 6389 6400 6516 6563 6617 6652 6690 6789 6796 6973 7022 7050 7157 7275 7620 7678 7687 7920 7939 8338 8469 8815 9086 9125 9187 9238 9255 9346 9406 9463 9539 9545 9583 9993 key = 4735

the array is 
38 89 104 138 451 594 645 684 740 743 781 848 974 1011 1165 1300 1351 1384 1562 1574 1670 1673 1690 1950 2004 2007 2055 2061 2214 2251 2252 2265 2337 2349 2368 2408 2419 2456 2564 2568 2706 2758 2761 2838 2873 2875 2921 2936 2997 3026 3086 3148 3161 3250 3277 3307 3397 3486 3533 3584 3612 3615 3663 3716 3738 3753 3809 3819 3826 4089 4104 4224 4255 4279 4320 4400 4487 4564 4613 4675 4680 4740 4776 4785 4787 4803 4911 4974 5010 5043 5133 5135 5220 5248 5320 5346 5370 5414 5422 5454 5479 5490 5510 5532 5543 5595 5746 5861 5914 5932 5958 5993 6007 6031 6101 6112 6121 6157 6196 6236 6263 6378 6437 6451 6477 6526 6604 6669 6768 6835 6940 6954 7011 7042 7050 7060 7138 7163 7164 7182 7185 7221 7232 7342 7410 7446 7467 7511 7521 7555 7561 7593 7682 7684 7697 7708 7740 7743 7750 7778 7788 7821 8004 8023 8077 8098 8149 8182 8224 8241 8265 8271 8304 8395 8406 8433 8568 8748 8765 8765 8870 8896 8907 9066 9148 9188 9233 9256 9413 9491 9508 9603 9635 9707 9733 9733 9793 9813 9846 9872 key = 5454

the array is 
0 8 9 17 29 61 150 184 202 240 263 272 276 310 430 443 621 663 675 684 733 761 815 826 939 948 1005 1022 1025 1032 1052 1099 1114 1158 1163 1180 1181 1183 1188 1213 1267 1293 1308 1331 1397 1410 1448 1556 1567 1610 1633 1648 1702 1711 1720 1726 1726 1764 1818 1852 1871 1878 1926 1933 1965 1983 2008 2018 2053 2083 2091 2092 2094 2112 2118 2120 2160 2214 2224 2235 2307 2367 2467 2499 2509 2543 2545 2560 2566 2602 2660 2700 2701 2804 2910 2933 2944 2954 3001 3023 3139 3144 3220 3229 3249 3268 3284 3315 3316 3330 3348 3356 3413 3445 3535 3562 3563 3577 3581 3659 3689 3705 3720 3724 3773 3813 3877 3967 4000 4005 4017 4018 4063 4081 4098 4110 4147 4164 4203 4249 4259 4283 4319 4336 4338 4385 4475 4489 4518 4529 4605 4655 4703 4752 4754 4772 4832 4850 4933 4955 4969 4985 5020 5031 5036 5088 5166 5168 5184 5191 5215 5255 5341 5485 5518 5519 5535 5581 5646 5701 5720 5747 5876 5894 5903 5913 6113 6126 6139 6167 6320 6326 6339 6381 6422 6443 6444 6446 6476 6549 6551 6556 6558 6612 6669 6753 6755 6758 6765 6821 6874 6899 6904 6910 7033 7045 7107 7118 7155 7256 7269 7298 7314 7375 7402 7432 7504 7588 7594 7639 7776 7776 7788 7824 7857 7921 7926 7935 7938 7944 7947 7955 7993 8000 8000 8051 8352 8362 8392 8392 8392 8409 8430 8430 8494 8526 8546 8624 8650 8663 8693 8726 8787 8833 8839 8850 8921 9018 9077 9082 9097 9137 9239 9270 9280 9312 9360 9361 9365 9374 9390 9432 9444 9455 9510 9515 9517 9521 9567 9567 9605 9677 9699 9701 9724 9731 9737 9810 9897 9928 key = 4529

the array is 
3 10 33 35 58 62 98 190 191 198 202 230 238 256 267 272 295 298 309 493 551 596 598 603 611 670 715 719 742 759 799 901 902 963 973 990 1007 1085 1104 1119 1122 1131 1143 1144 1176 1180 1190 1209 1262 1279 1362 1375 1434 1470 1474 1510 1529 1563 1574 1593 1596 1603 1609 1610 1614 1636 1637 1648 1656 1674 1708 1723 1778 1829 1851 1855 1859 1865 1875 1886 1907 1918 1965 1976 1995 2003 2008 2020 2034 2087 2090 2091 2098 2100 2116 2134 2149 2150 2164 2239 2254 2286 2312 2349 2402 2405 2452 2458 2473 2485 2541 2578 2585 2633 2637 2639 2639 2676 2749 2761 2780 2831 2869 2877 2926 2954 2975 3028 3045 3227 3282 3313 3331 3356 3363 3405 3410 3457 3471 3476 3480 3500 3502 3502 3525 3551 3562 3580 3596 3609 3658 3670 3728 3741 3745 3819 3865 3936 3949 3959 3971 3991 4051 4057 4059 4071 4072 4118 4125 4149 4150 4229 4303 4324 4330 4353 4357 4370 4413 4491 4508 4516 4522 4529 4546 4596 4607 4641 4652 4665 4772 4785 4829 4842 4860 4862 4865 4893 4899 4949 4951 4955 4969 5027 5055 5070 5085 5136 5155 5159 5179 5217 5224 5233 5250 5263 5308 5325 5346 5374 5393 5403 5432 5460 5559 5588 5595 5627 5635 5657 5658 5663 5698 5713 5792 5834 5844 5872 5891 5904 5909 5933 5934 5959 5961 5970 5985 6014 6073 6087 6132 6137 6142 6220 6241 6274 6311 6318 6387 6493 6519 6520 6579 6581 6584 6635 6671 6712 6715 6716 6763 6777 6782 6892 6913 6923 6928 6943 6944 6974 6983 7016 7027 7040 7094 7141 7147 7172 7183 7192 7203 7212 7214 7230 7234 7239 7292 7357 7378 7397 7398 7471 7495 7515 7524 7530 7547 7562 7566 7568 7577 7579 7649 7650 7656 7694 7884 7929 7970 7971 7999 8025 8064 8111 8124 8146 8230 8261 8282 8343 8418 8419 8420 8421 8448 8460 8505 8521 8558 8593 8600 8630 8632 8653 8653 8679 8716 8719 8729 8740 8742 8776 8788 8826 8830 8959 8989 9003 9026 9060 9064 9069 9112 9133 9164 9205 9231 9243 9296 9327 9350 9355 9358 9359 9376 9387 9479 9483 9487 9495 9529 9540 9592 9633 9634 9646 9646 9685 9691 9715 9716 9725 9807 9855 9874 9877 9908 9964 9971 9981 key = 4949

the array is 
1 16 18 38 41 85 126 165 175 185 197 216 242 298 305 322 343 353 379 379 380 425 447 496 543 576 586 597 600 622 630 634 647 657 686 733 816 835 841 891 922 933 935 945 960 980 1036 1047 1076 1103 1111 1185 1198 1263 1270 1307 1318 1328 1388 1399 1404 1405 1420 1438 1442 1447 1460 1480 1500 1504 1547 1551 1605 1606 1639 1659 1711 1734 1737 1749 1763 1771 1780 1784 1834 1891 1902 1903 1920 1927 1939 1940 1995 2048 2056 2073 2076 2087 2098 2107 2135 2199 2215 2251 2254 2257 2279 2282 2288 2293 2323 2336 2356 2373 2389 2449 2458 2483 2562 2597 2626 2636 2640 2642 2650 2673 2673 2680 2711 2712 2728 2744 2775 2803 2831 2834 2836 2848 2862 2863 2871 2882 2892 2943 2950 2969 2974 2977 2988 3031 3061 3083 3106 3117 3133 3139 3141 3151 3186 3196 3217 3266 3304 3331 3336 3348 3362 3381 3387 3399 3425 3453 3455 3506 3564 3581 3592 3602 3609 3629 3662 3663 3669 3682 3705 3706 3765 3779 3779 3804 3813 3831 3846 3867 3868 3877 3900 3928 3930 3995 3996 4022 4081 4086 4093 4142 4180 4225 4245 4265 4276 4306 4313 4327 4341 4343 4359 4375 4387 4394 4417 4432 4435 4462 4468 4472 4475 4491 4510 4562 4568 4606 4608 4632 4647 4697 4697 4698 4703 4718 4764 4790 4811 4815 4899 4930 4933 4933 4944 4964 4969 4977 5003 5007 5013 5021 5069 5070 5075 5078 5086 5115 5127 5196 5204 5208 5220 5237 5245 5245 5251 5263 5273 5274 5285 5306 5323 5351 5354 5383 5417 5419 5471 5473 5474 5487 5519 5546 5560 5618 5618 5628 5643 5674 5697 5705 5707 5740 5756 5835 5835 5854 5873 5892 5910 5914 5915 5925 5943 5987 6023 6048 6058 6083 6092 6119 6126 6130 6133 6140 6185 6219 6274 6276 6286 6311 6353 6378 6392 6405 6408 6409 6420 6424 6431 6454 6479 6486 6489 6500 6508 6550 6628 6644 6674 6764 6814 6815 6835 6892 6897 6944 6948 6961 6974 7089 7095 7138 7147 7174 7215 7237 7241 7249 7252 7264 7276 7284 7286 7290 7305 7362 7370 7381 7381 7407 7433 7442 7494 7495 7524 7528 7536 7540 7551 7579 7581 7620 7631 7658 7659 7666 7677 7692 7706 7715 7768 7799 7814 7822 7850 7872 7916 7923 7953 7965 7982 8046 8101 8120 8120 8158 8188 8189 8244 8254 8269 8277 8294 8309 8342 8342 8349 8404 8409 8416 8426 8432 8437 8443 8484 8548 8599 8634 8678 8682 8742 8747 8778 8784 8817 8829 8863 8922 8930 8944 8954 8960 9001 9009 9018 9030 9061 9062 9097 9129 9141 9152 9268 9282 9287 9302 9309 9320 9340 9374 9398 9428 9432 9478 9496 9511 9541 9558 9571 9592 9596 9599 9602 9625 9704 9711 9724 9725 9744 9798 9799 9815 9852 9853 9865 9868 9887 9890 9913 9920 9963 9966 9971 9976 key = 4964

the array is 
68 93 113 120 128 130 132 173 178 179 188 206 210 217 232 254 271 353 404 433 451 473 489 496 514 519 525 526 540 556 589 620 639 661 686 732 753 784 802 827 844 884 888 895 900 929 930 960 960 1021 1023 1035 1046 1057 1059 1125 1130 1142 1144 1170 1183 1195 1241 1242 1243 1255 1258 1282 1313 1404 1409 1429 1447 1451 1454 1463 1466 1467 1469 1475 1523 1555 1564 1573 1609 1609 1628 1645 1668 1695 1706 1729 1771 1787 1789 1797 1800 1916 1918 1927 1928 1929 1936 1946 1961 1984 1985 1992 2008 2017 2021 2076 2080 2123 2133 2136 2136 2199 2211 2247 2249 2257 2258 2280 2293 2344 2351 2353 2358 2369 2384 2399 2425 2427 2430 2432 2435 2449 2451 2452 2453 2478 2482 2490 2520 2523 2545 2550 2566 2596 2599 2607 2613 2659 2664 2675 2684 2733 2751 2768 2778 2801 2801 2811 2817 2820 2835 2840 2852 2853 2863 2863 2866 2894 2904 2906 2908 2919 2930 2942 2946 2953 2981 3032 3039 3044 3057 3110 3132 3189 3264 3266 3286 3305 3329 3333 3339 3354 3390 3391 3397 3415 3420 3423 3440 3445 3449 3450 3452 3466 3478 3479 3489 3545 3570 3584 3596 3599 3602 3603 3639 3646 3716 3730 3731 3732 3734 3767 3816 3824 3865 3881 3882 3883 3888 3981 4000 4002 4021 4044 4060 4061 4075 4114 4136 4141 4159 4163 4176 4178 4191 4251 4274 4286 4291 4317 4330 4352 4382 4426 4428 4430 4431 4431 4437 4466 4468 4472 4496 4515 4518 4529 4554 4556 4580 4595 4612 4613 4621 4662 4674 4682 4685 4731 4770 4782 4793 4801 4823 4836 4854 4855 4902 4909 4946 5001 5049 5052 5062 5066 5075 5094 5096 5107 5107 5111 5122 5165 5201 5215 5219 5223 5283 5304 5343 5406 5406 5424 5444 5451 5464 5488 5544 5546 5555 5564 5602 5627 5632 5641 5650 5661 5681 5699 5700 5705 5716 5716 5726 5741 5744 5779 5784 5789 5790 5809 5829 5850 5869 5905 5928 5957 5989 5999 6002 6037 6039 6057 6057 6065 6088 6112 6123 6125 6163 6186 6195 6236 6236 6238 6244 6253 6254 6256 6281 6300 6318 6441 6452 6480 6485 6485 6500 6501 6504 6510 6564 6575 6588 6604 6612 6619 6627 6633 6670 6727 6738 6750 6821 6824 6848 6853 6858 6883 6909 6910 6914 6932 6937 6975 6978 6985 6991 7005 7008 7020 7032 7059 7061 7083 7113 7124 7136 7141 7147 7148 7151 7195 7200 7223 7267 7286 7287 7287 7305 7315 7339 7345 7370 7381 7408 7411 7443 7464 7474 7484 7532 7553 7563 7575 7579 7580 7599 7603 7610 7620 7655 7661 7676 7679 7740 7756 7758 7769 7797 7846 7878 7924 7926 7945 7992 7992 7998 7999 8005 8007 8023 8024 8028 8057 8095 8098 8120 8120 8164 8173 8182 8261 8276 8292 8313 8321 8338 8369 8383 8413 8430 8440 8455 8469 8469 8480 8514 8515 8535 8547 8557 8586 8615 8617 8635 8638 8683 8717 8743 8750 8753 8761 8776 8787 8836 8876 8879 8902 8915 8929 8936 8952 8964 8984 8985 9003 9013 9014 9072 9077 9093 9104 9105 9106 9107 9127 9155 9160 9172 9190 9205 9220 9226 9242 9244 9260 9264 9268 9276 9289 9294 9302 9309 9350 9364 9382 9389 9400 9424 9443 9444 9447 9466 9466 9477 9530 9541 9548 9573 9613 9624 9666 9683 9691 9696 9702 9710 9721 9752 9760 9787 9813 9839 9842 9848 9861 9861 9911 9913 9947 9958 9974 9986 9991 key = 5066

the array is 
7 12 18 29 41 67 71 89 116 126 127 138 138 141 142 165 171 172 173 175 182 183 195 196 274 283 288 291 299 342 352 367 369 384 425 438 451 456 471 472 517 534 577 579 585 588 599 628 663 677 707 721 774 779 807 815 829 832 851 861 900 913 922 925 955 973 973 994 1014 1024 1028 1042 1050 1056 1071 1097 1128 1151 1154 1163 1164 1195 1196 1197 1213 1216 1218 1220 1238 1240 1245 1246 1256 1311 1321 1336 1370 1394 1395 1401 1401 1412 1418 1430 1448 1457 1462 1486 1547 1565 1568 1575 1578 1580 1599 1631 1636 1641 1684 1690 1695 1721 1741 1747 1753 1787 1821 1821 1826 1826 1834 1838 1838 1844 1844 1866 1883 1886 1894 1900 1933 2003 2037 2048 2061 2061 2075 2112 2130 2139 2177 2218 2223 2229 2241 2253 2262 2274 2297 2311 2339 2356 2368 2377 2397 2398 2430 2431 2439 2444 2456 2501 2508 2520 2523 2529 2531 2558 2571 2592 2594 2625 2636 2641 2658 2661 2667 2674 2677 2702 2704 2718 2722 2730 2756 2763 2825 2848 2848 2924 2941 2947 2951 2956 2961 2986 2989 2991 2992 3043 3068 3072 3085 3086 3099 3113 3138 3146 3180 3195 3203 3210 3230 3243 3248 3258 3262 3279 3290 3341 3357 3363 3386 3386 3395 3398 3406 3423 3431 3437 3465 3477 3494 3502 3509 3542 3553 3559 3563 3598 3614 3642 3661 3664 3664 3674 3688 3692 3693 3694 3699 3727 3730 3741 3752 3754 3756 3817 3821 3861 3923 3949 3968 4042 4079 4087 4106 4131 4136 4142 4163 4180 4190 4194 4202 4218 4235 4323 4343 4344 4375 4380 4404 4414 4415 4427 4430 4434 4435 4459 4492 4521 4529 4534 4551 4570 4664 4681 4682 4704 4720 4730 4759 4760 4778 4784 4787 4788 4816 4818 4848 4883 4885 4894 4922 4922 4948 4957 4965 4971 4978 4986 4993 5006 5022 5110 5121 5134 5138 5151 5161 5188 5196 5202 5216 5233 5260 5274 5288 5298 5335 5347 5365 5365 5415 5417 5420 5425 5430 5443 5445 5450 5459 5462 5470 5480 5487 5492 5527 5536 5547 5556 5564 5567 5569 5574 5576 5581 5583 5584 5592 5597 5604 5613 5615 5619 5622 5643 5647 5666 5677 5687 5695 5707 5719 5750 5751 5753 5771 5780 5788 5800 5823 5829 5843 5849 5877 5891 5925 5927 5930 5964 5966 5984 6008 6034 6036 6036 6081 6108 6109 6123 6128 6148 6150 6151 6155 6162 6162 6182 6206 6249 6270 6271 6275 6276 6304 6313 6319 6353 6354 6404 6415 6422 6427 6458 6470 6479 6489 6490 6500 6515 6515 6517 6527 6532 6535 6564 6565 6566 6573 6591 6603 6642 6681 6687 6700 6702 6711 6714 6735 6771 6791 6795 6796 6815 6819 6826 6846 6850 6862 6872 6906 6917 6933 6953 6956 6966 6968 6969 6974 6975 7018 7026 7036 7043 7102 7106 7124 7137 7146 7195 7198 7199 7219 7223 7249 7263 7279 7283 7289 7291 7297 7316 7318 7319 7338 7356 7360 7364 7371 7410 7428 7468 7483 7486 7515 7520 7528 7541 7588 7608 7634 7644 7645 7678 7689 7693 7704 7704 7707 7712 7718 7728 7746 7773 7781 7808 7853 7856 7867 7869 7877 7886 7891 7915 7918 7960 8002 8012 8039 8053 8060 8071 8085 8096 8103 8105 8125 8127 8165 8180 8204 8216 8220 8232 8235 8236 8258 8269 8271 8365 8376 8376 8403 8406 8422 8425 8464 8464 8500 8500 8557 8595 8607 8610 8656 8689 8692 8699 8709 8745 8745 8796 8811 8827 8832 8840 8844 8844 8858 8866 8874 8878 8879 8884 8890 8891 8914 8921 8922 8926 8948 8960 8967 8968 8968 8983 9000 9030 9050 9057 9103 9107 9107 9125 9125 9131 9160 9190 9201 9202 9209 9216 9234 9247 9260 9263 9266 9271 9275 9279 9280 9283 9310 9315 9319 9322 9333 9348 9375 9388 9416 9419 9421 9437 9458 9467 9474 9488 9504 9534 9535 9543 9547 9561 9569 9596 9598 9610 9617 9629 9656 9667 9668 9679 9685 9714 9731 9734 9747 9788 9804 9811 9864 9897 9952 9962 9972 9976 key = 5298

the array is 
39 47 58 131 141 166 167 173 177 197 205 208 208 211 223 231 246 283 300 300 306 312 313 324 330 356 361 387 390 413 422 423 426 453 454 456 478 487 500 501 515 528 535 562 581 595 598 607 629 644 647 661 681 686 688 695 704 705 712 714 731 739 740 741 750 751 763 763 765 766 795 796 805 816 835 848 903 904 915 920 923 923 925 943 953 966 984 1001 1002 1016 1032 1034 1047 1051 1058 1070 1084 1093 1106 1111 1131 1141 1150 1163 1170 1185 1218 1226 1236 1251 1253 1267 1273 1282 1290 1305 1309 1350 1351 1355 1407 1413 1435 1449 1462 1464 1469 1472 1479 1480 1484 1497 1498 1505 1528 1542 1572 1614 1621 1634 1641 1648 1652 1661 1667 1684 1708 1746 1747 1752 1770 1774 1784 1788 1804 1829 1870 1870 1883 1897 1906 1912 1942 1967 1972 1978 2017 2018 2021 2024 2027 2045 2079 2094 2132 2153 2161 2167 2175 2215 2219 2238 2250 2256 2261 2270 2276 2281 2293 2306 2317 2321 2346 2366 2371 2377 2380 2384 2390 2409 2427 2428 2459 2475 2490 2515 2547 2571 2587 2609 2631 2634 2643 2663 2667 2681 2692 2701 2708 2736 2753 2819 2844 2847 2866 2873 2875 2880 2881 2890 2896 2904 2925 2953 2970 2997 3008 3009 3017 3021 3021 3061 3087 3088 3103 3129 3132 3145 3151 3153 3155 3188 3219 3227 3238 3238 3256 3267 3284 3300 3327 3330 3335 3367 3368 3378 3387 3403 3415 3427 3439 3441 3471 3480 3519 3532 3539 3546 3549 3552 3556 3560 3564 3638 3642 3657 3670 3679 3687 3706 3712 3764 3769 3772 3782 3790 3808 3830 3845 3851 3853 3869 3870 3880 3886 3898 3904 3907 3913 3924 3930 3943 3955 3963 3964 3993 4004 4013 4037 4065 4085 4101 4109 4133 4133 4137 4146 4161 4180 4187 4221 4228 4232 4232 4233 4283 4328 4344 4367 4395 4434 4448 4460 4464 4503 4535 4555 4560 4575 4603 4617 4625 4631 4645 4649 4701 4731 4760 4760 4781 4813 4820 4837 4840 4848 4849 4858 4873 4880 4909 4911 4922 4932 4939 4940 4942 4956 5002 5022 5022 5044 5050 5056 5073 5123 5127 5147 5194 5198 5225 5229 5245 5247 5250 5260 5264 5269 5274 5302 5305 5311 5317 5321 5334 5335 5342 5362 5377 5382 5386 5393 5395 5408 5429 5439 5447 5456 5459 5464 5473 5512 5536 5556 5557 5603 5619 5650 5654 5672 5681 5703 5704 5733 5743 5754 5775 5779 5800 5801 5802 5822 5830 5870 5878 5885 5887 5902 5907 5922 5925 5926 5927 5934 5949 5950 5963 5965 5967 5977 6013 6020 6028 6049 6052 6058 6098 6099 6102 6165 6165 6168 6177 6190 6193 6213 6243 6258 6263 6263 6264 6266 6272 6274 6289 6313 6321 6323 6326 6334 6380 6388 6412 6414 6415 6428 6439 6441 6443 6448 6461 6474 6477 6520 6575 6578 6578 6602 6619 6621 6627 6630 6644 6666 6701 6702 6722 6727 6727 6738 6746 6753 6755 6784 6789 6799 6802 6805 6809 6826 6839 6844 6844 6856 6874 6881 6908 6909 6914 6919 6925 6934 6934 6936 6958 6998 7019 7021 7029 7039 7051 7054 7082 7093 7097 7111 7119 7129 7146 7171 7187 7213 7219 7234 7234 7240 7254 7260 7269 7270 7280 7282 7289 7294 7352 7364 7370 7376 7383 7393 7399 7405 7428 7428 7441 7453 7462 7471 7472 7488 7494 7500 7524 7528 7537 7557 7589 7590 7599 7605 7634 7638 7640 7656 7679 7690 7691 7691 7697 7736 7747 7751 7758 7765 7804 7806 7814 7817 7819 7823 7845 7873 7873 7906 7940 7947 7978 7987 7988 7996 8001 8003 8014 8041 8045 8056 8070 8074 8087 8101 8109 8109 8119 8124 8127 8232 8245 8269 8273 8282 8310 8326 8350 8362 8383 8384 8392 8400 8404 8405 8413 8420 8458 8462 8488 8493 8513 8514 8519 8526 8526 8545 8551 8572 8578 8585 8588 8609 8616 8629 8644 8658 8666 8676 8685 8709 8750 8750 8751 8758 8781 8783 8807 8808 8809 8851 8856 8860 8864 8874 8882 8884 8905 8906 8921 8931 8958 8959 8986 9003 9004 9011 9025 9045 9051 9055 9092 9095 9141 9147 9159 9170 9177 9197 9201 9204 9214 9217 9233 9234 9251 9257 9259 9261 9270 9277 9295 9300 9304 9310 9324 9324 9343 9350 9352 9355 9388 9397 9409 9411 9414 9416 9417 9429 9434 9445 9456 9463 9481 9486 9488 9538 9552 9572 9581 9610 9611 9627 9630 9640 9661 9666 9710 9720 9722 9735 9739 9756 9784 9817 9817 9823 9831 9838 9840 9863 9865 9880 9914 9924 9934 9938 9946 9957 9966 9967 9969 9982 9989 9995 9998 key = 5305

the array is 
33 34 60 61 86 87 89 106 114 121 125 127 132 135 137 157 157 160 168 174 200 204 223 227 263 281 291 292 301 301 377 396 427 428 441 444 468 475 482 490 490 544 548 552 557 570 608 657 660 666 692 704 707 721 737 743 744 788 805 807 854 877 887 914 930 934 962 968 976 979 979 984 986 986 997 1003 1015 1024 1028 1034 1045 1052 1067 1098 1106 1114 1120 1126 1152 1164 1172 1172 1187 1200 1200 1213 1217 1235 1251 1252 1260 1263 1280 1285 1287 1295 1323 1339 1358 1383 1384 1391 1406 1406 1415 1449 1453 1472 1477 1480 1481 1492 1505 1530 1533 1536 1542 1544 1554 1556 1561 1568 1604 1637 1647 1683 1688 1705 1708 1708 1733 1758 1769 1769 1780 1783 1786 1786 1788 1804 1825 1836 1855 1858 1859 1871 1886 1896 1915 1921 1925 1930 1933 1953 1979 1985 1998 2001 2003 2005 2028 2030 2030 2078 2092 2103 2108 2109 2113 2113 2114 2125 2130 2138 2143 2146 2151 2162 2162 2204 2204 2207 2218 2238 2247 2264 2265 2271 2287 2299 2299 2307 2309 2312 2328 2333 2356 2374 2387 2402 2405 2410 2414 2444 2462 2467 2470 2480 2480 2490 2498 2502 2502 2505 2512 2527 2527 2533 2542 2547 2551 2558 2569 2579 2580 2595 2596 2617 2644 2645 2653 2656 2657 2669 2692 2695 2712 2731 2746 2749 2779 2785 2790 2797 2812 2831 2835 2846 2864 2867 2880 2888 2894 2937 2937 2945 2973 3009 3015 3017 3052 3055 3057 3068 3076 3091 3091 3099 3107 3139 3149 3152 3161 3163 3184 3194 3200 3204 3224 3243 3258 3263 3265 3309 3354 3357 3364 3376 3381 3385 3392 3405 3406 3409 3420 3441 3456 3459 3484 3492 3513 3528 3554 3555 3603 3610 3610 3614 3623 3643 3664 3665 3668 3668 3673 3680 3695 3696 3699 3724 3736 3746 3750 3757 3769 3777 3788 3808 3837 3862 3864 3869 3877 3885 3891 3899 3917 3926 3926 3942 3957 3963 3964 3992 4004 4014 4019 4020 4023 4027 4028 4034 4073 4078 4078 4117 4161 4164 4180 4206 4209 4213 4221 4232 4244 4259 4262 4263 4270 4275 4279 4280 4286 4296 4297 4301 4312 4327 4361 4363 4373 4376 4379 4397 4398 4405 4416 4437 4446 4457 4481 4491 4495 4511 4529 4540 4558 4563 4574 4579 4592 4606 4622 4641 4665 4669 4683 4683 4685 4695 4707 4724 4728 4764 4771 4794 4809 4849 4871 4871 4872 4880 4901 4908 4908 4925 4941 4950 4984 5004 5008 5008 5020 5033 5039 5040 5088 5089 5091 5099 5111 5144 5150 5161 5166 5172 5180 5192 5244 5260 5277 5281 5292 5294 5310 5320 5328 5349 5364 5380 5389 5402 5404 5421 5426 5461 5479 5492 5496 5515 5519 5535 5543 5550 5553 5553 5557 5559 5565 5579 5584 5632 5635 5639 5689 5695 5706 5708 5719 5774 5793 5801 5822 5827 5833 5847 5857 5901 5903 5925 5965 5990 5991 5995 5997 6007 6025 6042 6060 6088 6094 6099 6107 6113 6114 6116 6129 6148 6157 6195 6198 6208 6209 6219 6241 6247 6261 6263 6265 6287 6310 6340 6352 6355 6358 6359 6371 6372 6383 6399 6400 6406 6408 6419 6424 6425 6435 6448 6453 6456 6486 6496 6500 6500 6516 6520 6531 6543 6545 6550 6559 6602 6646 6650 6655 6669 6670 6719 6737 6742 6752 6758 6789 6791 6794 6835 6839 6848 6860 6867 6868 6914 6918 6921 6942 6957 6992 7001 7009 7018 7021 7022 7022 7023 7026 7031 7036 7039 7039 7069 7081 7112 7113 7120 7138 7138 7143 7149 7158 7170 7184 7202 7202 7208 7229 7239 7264 7282 7289 7294 7298 7311 7320 7323 7325 7348 7350 7351 7356 7381 7385 7401 7402 7407 7425 7439 7444 7449 7463 7475 7480 7487 7491 7498 7501 7502 7509 7540 7541 7555 7577 7577 7580 7581 7594 7595 7603 7617 7619 7634 7641 7668 7670 7672 7675 7677 7716 7747 7764 7769 7786 7788 7793 7797 7798 7802 7810 7815 7834 7837 7842 7849 7853 7862 7866 7867 7875 7878 7887 7907 7908 7916 7925 7942 7944 7961 7973 7975 7978 7993 7997 8025 8028 8031 8047 8049 8062 8081 8086 8092 8106 8118 8119 8123 8128 8128 8160 8164 8165 8174 8194 8196 8205 8214 8223 8237 8239 8282 8288 8290 8295 8306 8315 8321 8322 8349 8371 8381 8430 8435 8443 8449 8460 8533 8533 8535 8541 8567 8575 8595 8610 8611 8623 8623 8631 8647 8661 8678 8680 8685 8699 8721 8735 8746 8747 8750 8753 8758 8772 8787 8789 8790 8791 8811 8821 8822 8831 8867 8881 8890 8890 8910 8918 8927 8928 9000 9011 9022 9029 9030 9046 9058 9100 9106 9107 9140 9145 9148 9168 9195 9195 9198 9200 9214 9224 9263 9272 9274 9284 9299 9305 9310 9314 9332 9342 9346 9349 9350 9357 9358 9369 9378 9388 9394 9397 9406 9408 9413 9446 9447 9448 9463 9469 9470 9473 9476 9487 9488 9500 9513 9531 9541 9543 9545 9548 9558 9587 9600 9605 9612 9617 9618 9620 9629 9630 9638 9641 9657 9710 9745 9747 9752 9756 9758 9791 9799 9802 9807 9811 9838 9842 9848 9867 9869 9874 9878 9878 9879 9884 9900 9911 9927 9928 9932 9933 9947 9950 9962 9964 9996 key = 5099

the array is 
0 3 37 72 77 82 91 92 97 103 103 114 120 136 136 157 179 183 185 190 200 202 218 221 239 264 272 274 278 282 308 316 342 356 373 401 416 425 434 435 435 441 448 453 455 468 475 478 507 510 518 527 561 575 577 579 586 597 597 600 606 606 606 611 644 662 678 681 725 730 737 746 749 778 779 783 785 794 797 804 814 819 838 845 849 857 864 869 881 884 889 900 908 908 913 917 918 921 923 935 942 943 944 946 946 951 956 964 972 976 984 996 999 1002 1007 1019 1054 1055 1071 1077 1077 1080 1086 1086 1091 1092 1115 1123 1132 1137 1148 1149 1151 1153 1163 1180 1204 1217 1246 1248 1252 1254 1256 1259 1265 1276 1295 1308 1319 1328 1345 1347 1366 1370 1373 1383 1403 1409 1414 1428 1435 1438 1449 1455 1455 1459 1473 1480 1495 1508 1512 1516 1526 1547 1568 1581 1617 1631 1632 1656 1665 1687 1706 1709 1713 1718 1723 1739 1742 1748 1758 1783 1789 1801 1806 1808 1817 1822 1829 1834 1852 1855 1879 1879 1896 1906 1911 1912 1934 1946 1951 1959 1961 1963 1971 1972 1976 1983 2008 2013 2020 2023 2030 2031 2037 2042 2048 2069 2071 2120 2120 2124 2128 2140 2146 2160 2179 2183 2183 2190 2193 2209 2235 2236 2286 2297 2298 2304 2316 2328 2348 2350 2350 2359 2374 2375 2408 2421 2421 2432 2436 2436 2446 2447 2469 2473 2507 2521 2524 2530 2531 2546 2563 2580 2592 2599 2609 2629 2633 2656 2658 2660 2663 2673 2685 2686 2687 2694 2702 2713 2733 2749 2755 2772 2775 2786 2791 2812 2823 2830 2847 2848 2852 2872 2879 2885 2893 2895 2901 2915 2926 2926 2944 2951 2965 3001 3002 3007 3014 3016 3018 3038 3047 3048 3049 3054 3061 3072 3076 3086 3099 3120 3125 3138 3156 3161 3163 3193 3219 3226 3234 3251 3254 3255 3280 3294 3303 3303 3318 3338 3342 3347 3348 3369 3390 3393 3411 3415 3418 3424 3424 3434 3448 3448 3496 3502 3508 3519 3526 3526 3527 3536 3542 3565 3569 3576 3580 3584 3592 3595 3596 3608 3623 3652 3676 3677 3689 3722 3756 3790 3792 3813 3828 3845 3851 3852 3853 3857 3864 3872 3876 3878 3928 3943 3950 3951 3956 3968 3974 3995 4007 4008 4014 4031 4034 4035 4047 4056 4061 4064 4074 4078 4107 4109 4141 4141 4149 4149 4162 4230 4242 4243 4243 4257 4279 4290 4291 4292 4296 4319 4339 4345 4359 4385 4390 4411 4411 4428 4430 4443 4448 4491 4493 4497 4499 4506 4525 4553 4557 4562 4572 4600 4611 4631 4636 4654 4659 4671 4673 4682 4683 4687 4689 4689 4758 4768 4770 4781 4814 4818 4821 4830 4850 4852 4863 4865 4866 4870 4872 4880 4894 4903 4915 4930 4936 4968 4981 4986 4994 5020 5023 5029 5033 5036 5036 5072 5088 5130 5136 5138 5145 5151 5154 5160 5173 5188 5200 5225 5230 5231 5261 5265 5273 5292 5293 5296 5303 5307 5310 5346 5360 5360 5369 5374 5380 5385 5400 5406 5406 5410 5445 5447 5460 5470 5472 5490 5491 5497 5505 5507 5521 5522 5531 5533 5542 5547 5550 5558 5566 5583 5583 5595 5599 5607 5632 5638 5646 5657 5666 5671 5671 5675 5696 5696 5699 5702 5709 5740 5740 5744 5803 5812 5830 5865 5876 5886 5899 5906 5924 5933 5934 5949 5967 5972 5973 5977 5977 5982 5985 6002 6009 6040 6055 6059 6065 6065 6067 6078 6086 6093 6094 6096 6126 6127 6139 6141 6146 6161 6172 6181 6189 6198 6201 6201 6208 6212 6230 6253 6257 6269 6272 6275 6278 6304 6332 6338 6342 6342 6353 6358 6364 6376 6382 6391 6398 6399 6411 6414 6423 6433 6439 6442 6444 6474 6477 6483 6489 6525 6527 6534 6540 6543 6546 6546 6558 6575 6586 6587 6592 6595 6597 6606 6609 6624 6630 6653 6666 6668 6671 6674 6692 6721 6726 6729 6749 6751 6753 6763 6789 6792 6794 6804 6818 6820 6847 6869 6881 6888 6913 6915 6922 6925 6929 6933 6937 6937 6945 6952 6969 6978 6981 6994 7037 7039 7053 7075 7077 7097 7115 7129 7137 7148 7154 7166 7172 7174 7177 7195 7196 7213 7224 7245 7247 7262 7270 7285 7289 7296 7299 7300 7306 7332 7340 7343 7354 7354 7359 7365 7367 7370 7370 7375 7376 7380 7394 7395 7423 7430 7445 7447 7511 7526 7527 7561 7562 7572 7575 7593 7594 7598 7604 7616 7626 7636 7656 7665 7702 7703 7722 7723 7725 7738 7746 7748 7753 7780 7787 7787 7797 7806 7807 7808 7809 7835 7835 7837 7840 7859 7863 7871 7877 7879 7880 7885 7888 7893 7899 7901 7908 7915 7923 7927 7940 7951 7957 7966 7967 7970 7973 7985 8013 8018 8020 8062 8069 8072 8086 8088 8106 8118 8125 8131 8135 8144 8147 8154 8157 8176 8208 8209 8211 8224 8245 8249 8271 8284 8300 8361 8377 8383 8384 8394 8398 8407 8415 8422 8423 8426 8431 8437 8438 8454 8457 8460 8477 8499 8504 8504 8505 8511 8515 8534 8537 8540 8544 8549 8564 8565 8569 8576 8579 8579 8596 8599 8601 8607 8613 8638 8638 8642 8659 8685 8694 8701 8705 8714 8717 8725 8726 8813 8813 8821 8829 8849 8850 8850 8860 8866 8867 8885 8890 8916 8917 8925 8933 8937 8985 8990 8991 9004 9019 9048 9059 9084 9085 9087 9090 9099 9103 9103 9120 9131 9155 9157 9158 9198 9203 9205 9208 9211 9229 9257 9267 9268 9285 9318 9328 9329 9330 9354 9361 9361 9364 9373 9374 9402 9411 9429 9458 9469 9469 9471 9495 9495 9501 9527 9540 9544 9553 9585 9604 9643 9651 9652 9657 9662 9676 9727 9736 9759 9775 9797 9818 9829 9831 9832 9843 9853 9862 9864 9866 9902 9904 9904 9908 9933 9941 9952 9965 9977 key = 5020

