average or worst case
the first iteration is 
977 519 792 712 764 269 891 277 331 158 

average or worst case
the first iteration is 
920 560 965 573 918 694 273 92 778 64 887 542 20 543 215 507 593 147 190 959 

average or worst case
the first iteration is 
992 167 831 784 880 595 53 771 873 736 282 145 296 247 718 567 293 343 659 72 759 899 614 779 442 181 638 387 680 828 

average or worst case
the first iteration is 
347 672 996 530 456 876 125 861 647 350 597 929 847 246 529 917 813 822 260 824 246 19 723 861 150 166 394 788 553 75 969 252 99 965 134 908 193 612 769 192 

average or worst case
the first iteration is 
962 719 474 162 965 3 79 130 825 692 954 72 711 30 285 214 548 679 354 453 106 323 706 206 640 192 466 833 804 235 26 119 306 852 281 623 855 360 753 680 404 60 104 116 442 389 682 990 421 36 

average or worst case
the first iteration is 
443 879 712 501 437 352 694 903 538 498 491 564 969 149 768 250 773 623 963 878 655 367 290 112 835 732 501 517 722 274 906 166 506 618 19 943 970 713 199 860 564 690 776 533 839 544 784 964 167 99 843 175 466 485 287 654 218 140 171 292 

average or worst case
the first iteration is 
415 429 458 273 47 830 216 370 543 415 230 107 457 7 993 649 551 129 613 71 228 808 246 46 294 533 700 864 673 224 156 440 653 967 713 53 797 282 423 692 49 5 152 859 12 145 508 916 274 473 339 502 634 585 900 928 470 601 144 495 177 300 936 830 267 1 883 416 635 658 

average or worst case
the first iteration is 
109 685 664 261 544 28 406 404 296 32 229 635 534 863 572 786 143 42 387 287 538 564 588 826 747 207 179 982 624 815 641 733 852 657 346 748 37 752 504 334 136 733 969 22 597 894 808 740 936 196 28 826 112 968 4 211 175 184 194 151 351 835 236 203 492 582 303 529 686 807 215 822 540 537 844 137 431 653 230 719 

average or worst case
the first iteration is 
201 610 546 665 578 550 877 105 86 71 257 437 906 493 992 750 428 295 631 114 102 847 289 995 736 133 132 167 786 714 886 339 324 784 5 902 687 882 8 125 953 617 915 211 462 907 313 890 555 296 5 9 143 294 4 231 779 489 398 918 203 637 257 528 773 614 782 460 848 142 938 153 759 853 364 222 112 29 464 667 326 821 29 821 467 33 53 247 874 803 

average or worst case
the first iteration is 
165 78 792 774 958 566 741 92 378 589 235 316 743 346 521 459 568 634 489 385 301 167 206 330 988 674 716 41 273 590 197 438 20 989 564 978 907 305 423 286 247 658 954 990 4 476 449 925 110 290 310 763 457 868 446 446 542 162 839 815 104 388 605 125 378 522 455 285 179 878 923 426 536 878 768 893 354 218 818 816 860 480 579 318 348 25 116 243 539 955 410 644 344 16 769 74 890 224 711 69 

