the best cases 
the first iteration is 
158 269 277 331 519 712 764 792 891 977 

the best cases 
the first iteration is 
20 64 92 147 190 215 273 507 542 543 560 573 593 694 778 887 918 920 959 965 

the best cases 
the first iteration is 
53 72 145 167 181 247 282 293 296 343 387 442 567 595 614 638 659 680 718 736 759 771 779 784 828 831 873 880 899 992 

the best cases 
the first iteration is 
19 75 99 125 134 150 166 192 193 246 246 252 260 347 350 394 456 529 530 553 597 612 647 672 723 769 788 813 822 824 847 861 861 876 908 917 929 965 969 996 

the best cases 
the first iteration is 
3 26 30 36 60 72 79 104 106 116 119 130 162 192 206 214 235 281 285 306 323 354 360 389 404 421 442 453 466 474 548 623 640 679 680 682 692 706 711 719 753 804 825 833 852 855 954 962 965 990 

the best cases 
the first iteration is 
19 99 112 140 149 166 167 171 175 199 218 250 274 287 290 292 352 367 437 443 466 485 491 498 501 501 506 517 533 538 544 564 564 618 623 654 655 690 694 712 713 722 732 768 773 776 784 835 839 843 860 878 879 903 906 943 963 964 969 970 

the best cases 
the first iteration is 
1 5 7 12 46 47 49 53 71 107 129 144 145 152 156 177 216 224 228 230 246 267 273 274 282 294 300 339 370 415 415 416 423 429 440 457 458 470 473 495 502 508 533 543 551 585 601 613 634 635 649 653 658 673 692 700 713 797 808 830 830 859 864 883 900 916 928 936 967 993 

the best cases 
the first iteration is 
4 22 28 28 32 37 42 109 112 136 137 143 151 175 179 184 194 196 203 207 211 215 229 230 236 261 287 296 303 334 346 351 387 404 406 431 492 504 529 534 537 538 540 544 564 572 582 588 597 624 635 641 653 657 664 685 686 719 733 733 740 747 748 752 786 807 808 815 822 826 826 835 844 852 863 894 936 968 969 982 

the best cases 
the first iteration is 
4 5 5 8 9 29 29 33 53 71 86 102 105 112 114 125 132 133 142 143 153 167 201 203 211 222 231 247 257 257 289 294 295 296 313 324 326 339 364 398 428 437 460 462 464 467 489 493 528 546 550 555 578 610 614 617 631 637 665 667 687 714 736 750 759 773 779 782 784 786 803 821 821 847 848 853 874 877 882 886 890 902 906 907 915 918 938 953 992 995 

the best cases 
the first iteration is 
4 16 20 25 41 69 74 78 92 104 110 116 125 162 165 167 179 197 206 218 224 235 243 247 273 285 286 290 301 305 310 316 318 330 344 346 348 354 378 378 385 388 410 423 426 438 446 446 449 455 457 459 476 480 489 521 522 536 539 542 564 566 568 579 589 590 605 634 644 658 674 711 716 741 743 763 768 769 774 792 815 816 818 839 860 868 878 878 890 893 907 923 925 954 955 958 978 988 989 990 

