

the array is 
4093 5924 6404 

the array is 
4375 6187 6973 7986 8777 

the array is 
234 1054 4778 4800 5025 5519 6968 8142 8459 

the array is 
373 694 3562 3879 5316 5388 6076 6529 6566 6929 7374 7474 8651 8805 8842 8883 9128 

the array is 
76 143 760 805 836 1067 1750 1816 2014 2498 3362 3635 4080 4289 4504 4877 5416 5533 5981 6139 6627 6791 6861 7286 7334 7372 7457 7495 8159 8530 8574 9008 9089 

the array is 
502 620 795 1229 1764 1876 2176 2409 2680 2960 3042 3160 3169 3365 3509 3599 3602 3638 3639 3704 3734 3990 4078 4113 4134 4138 4610 4779 4801 4925 5129 5334 5343 5367 5399 5415 5723 5821 6254 6545 6551 6556 6762 6831 6880 7014 7134 7216 7291 7450 7778 7924 8129 8221 8714 8724 8939 9226 9282 9497 9509 9545 9634 9676 9878 

the array is 
138 152 184 317 357 443 458 498 543 599 603 788 997 1101 1179 1196 1309 1407 1538 1609 1713 1728 1769 1770 1779 1924 1979 2012 2023 2035 2307 2523 2555 2561 2696 2839 2870 2875 2993 3201 3252 3349 3383 3633 3698 3748 3787 3857 4002 4103 4129 4136 4259 4278 4431 4475 4644 4671 4745 4846 4985 5091 5254 5269 5275 5429 5497 5726 5813 5923 5950 5951 6128 6192 6204 6224 6381 6430 6452 6503 6506 6727 6815 6833 6892 6900 6965 6972 6991 7041 7078 7084 7133 7268 7272 7338 7342 7367 7664 7666 7741 7879 7899 7935 8105 8177 8289 8364 8499 8545 8805 8854 8892 9014 9050 9062 9136 9185 9196 9212 9240 9344 9361 9433 9521 9579 9758 9944 9985 

the array is 
8 11 21 71 111 114 139 199 239 252 269 285 322 357 373 411 435 464 473 550 570 572 611 685 700 732 782 852 853 893 918 978 1041 1106 1167 1175 1264 1331 1333 1370 1371 1532 1599 1607 1672 1677 1702 1757 1791 1826 1851 1896 1897 1926 1931 1990 2006 2020 2028 2086 2146 2164 2241 2278 2319 2402 2448 2483 2552 2584 2596 2643 2686 2691 2710 2749 2793 2807 2838 2864 2872 2907 2913 2956 2977 2995 3011 3015 3099 3102 3133 3179 3212 3276 3282 3300 3303 3323 3345 3350 3369 3381 3421 3455 3457 3476 3518 3553 3584 3631 3634 3648 3704 3730 3754 3771 3825 3835 3837 3839 3928 3990 4054 4103 4144 4157 4180 4185 4193 4260 4344 4415 4426 4465 4509 4553 4577 4650 4684 4728 4733 4741 4782 4825 4851 4862 4910 5016 5040 5048 5052 5054 5068 5084 5086 5105 5200 5359 5401 5447 5525 5659 5659 5663 5677 5747 5800 5818 5863 5942 5943 6115 6141 6143 6185 6211 6271 6279 6317 6381 6459 6491 6612 6614 6654 6676 6759 6809 6873 6919 6922 6945 6967 7009 7037 7050 7072 7085 7116 7136 7191 7195 7343 7489 7527 7615 7638 7646 7654 7783 7823 7834 8026 8056 8110 8196 8218 8235 8335 8337 8350 8385 8396 8424 8437 8445 8445 8467 8541 8629 8632 8648 8785 8896 8898 8908 9009 9023 9033 9165 9177 9196 9220 9286 9289 9363 9411 9450 9577 9596 9621 9706 9803 9811 9830 9845 9956 

the array is 
7 42 42 87 87 98 108 133 144 145 154 212 219 261 274 304 337 356 371 419 469 470 496 500 509 528 567 571 609 623 655 661 696 699 708 751 755 786 797 802 808 849 868 878 924 948 990 991 1001 1003 1015 1016 1049 1050 1062 1078 1093 1104 1118 1124 1131 1132 1179 1187 1195 1207 1210 1214 1252 1280 1287 1299 1304 1320 1343 1351 1351 1361 1383 1413 1413 1418 1427 1427 1451 1452 1473 1506 1538 1564 1574 1588 1600 1601 1605 1614 1634 1639 1640 1685 1686 1720 1739 1750 1756 1786 1816 1852 1911 1918 1925 1961 2026 2030 2063 2068 2071 2076 2080 2101 2111 2156 2242 2286 2291 2292 2320 2333 2371 2374 2397 2402 2433 2439 2439 2439 2454 2468 2493 2507 2520 2527 2558 2565 2571 2588 2590 2638 2655 2696 2704 2734 2736 2739 2742 2745 2766 2782 2789 2789 2795 2820 2824 2852 2854 2951 2954 2987 3021 3027 3052 3072 3103 3110 3113 3125 3143 3154 3175 3184 3189 3192 3198 3215 3240 3241 3283 3308 3357 3370 3377 3424 3448 3469 3485 3500 3517 3536 3550 3553 3605 3639 3646 3668 3680 3719 3724 3728 3738 3756 3815 3872 3876 3884 3893 3934 3950 3993 3996 4043 4058 4059 4106 4128 4160 4177 4184 4188 4201 4252 4255 4256 4259 4312 4325 4331 4338 4398 4403 4424 4450 4458 4458 4470 4477 4533 4562 4587 4615 4649 4666 4668 4681 4702 4704 4718 4742 4757 4793 4814 4840 4880 4885 4891 4899 4904 4934 4946 4947 4948 4970 4984 5003 5040 5048 5059 5062 5085 5119 5122 5144 5153 5161 5177 5181 5189 5193 5213 5213 5256 5265 5278 5281 5284 5300 5340 5369 5406 5425 5446 5450 5466 5501 5559 5570 5595 5635 5644 5658 5712 5728 5734 5740 5756 5782 5792 5861 5883 5939 5943 5968 5978 6010 6014 6058 6080 6080 6090 6118 6123 6128 6162 6171 6175 6185 6213 6216 6228 6236 6241 6258 6273 6307 6356 6364 6379 6382 6385 6422 6442 6504 6517 6525 6541 6561 6568 6583 6587 6590 6604 6625 6640 6654 6692 6703 6727 6731 6741 6747 6782 6786 6788 6794 6798 6806 6807 6830 6852 6950 6981 6996 7031 7045 7060 7103 7126 7137 7146 7152 7160 7195 7228 7242 7245 7262 7298 7315 7384 7397 7412 7418 7425 7452 7457 7476 7485 7489 7537 7553 7561 7614 7617 7619 7682 7702 7714 7741 7743 7753 7757 7769 7788 7806 7809 7811 7818 7833 7837 7846 7892 7920 7927 7930 7934 7945 7962 7963 8007 8037 8042 8111 8114 8196 8210 8346 8408 8419 8471 8476 8490 8518 8536 8539 8564 8663 8668 8688 8724 8726 8728 8808 8817 8845 8863 8869 8889 8893 8933 8936 8986 9025 9041 9045 9107 9127 9136 9160 9167 9169 9178 9197 9277 9277 9336 9381 9390 9392 9445 9446 9457 9476 9485 9493 9529 9549 9551 9556 9594 9597 9605 9642 9665 9665 9679 9683 9741 9745 9771 9841 9849 9850 9968 9989 

the array is 
1 19 30 33 44 44 46 49 54 82 93 100 106 113 114 157 159 179 185 189 195 207 207 220 230 234 270 277 278 305 309 322 334 341 347 367 370 389 393 403 420 426 429 430 432 438 451 453 454 465 470 477 490 492 499 503 511 521 531 533 559 566 600 602 604 615 619 626 627 634 636 649 652 661 691 697 697 720 731 736 751 775 789 789 831 831 837 852 853 871 874 916 923 936 939 956 967 971 980 986 989 991 1011 1021 1022 1071 1089 1101 1123 1138 1149 1153 1159 1165 1179 1195 1208 1214 1235 1251 1270 1284 1296 1296 1299 1311 1319 1321 1349 1368 1370 1371 1375 1396 1407 1408 1411 1412 1424 1430 1432 1441 1457 1461 1482 1484 1500 1501 1519 1544 1552 1564 1581 1608 1618 1627 1630 1653 1657 1662 1663 1731 1747 1753 1773 1789 1816 1817 1820 1823 1831 1846 1847 1849 1857 1864 1871 1872 1876 1889 1896 1899 1903 1912 1941 1974 1980 1980 1993 1995 1998 2015 2026 2035 2051 2063 2094 2109 2113 2120 2120 2152 2193 2196 2225 2238 2245 2249 2259 2266 2274 2275 2285 2293 2307 2314 2317 2318 2325 2348 2357 2360 2368 2385 2385 2393 2398 2413 2426 2429 2431 2438 2459 2467 2470 2480 2481 2490 2520 2521 2526 2541 2571 2577 2584 2585 2595 2604 2617 2621 2621 2625 2629 2633 2644 2673 2676 2691 2702 2705 2711 2712 2713 2715 2748 2761 2767 2775 2777 2791 2797 2826 2833 2839 2853 2866 2891 2892 2912 2919 2927 2933 2934 2944 2962 2970 2988 2996 3002 3041 3097 3122 3125 3126 3132 3134 3142 3142 3174 3182 3188 3198 3202 3204 3204 3211 3211 3225 3229 3234 3256 3258 3273 3287 3303 3312 3321 3346 3358 3363 3370 3389 3402 3416 3422 3422 3423 3455 3460 3467 3470 3471 3480 3506 3514 3534 3545 3556 3556 3572 3572 3572 3590 3611 3628 3632 3647 3652 3658 3667 3689 3723 3727 3730 3751 3774 3774 3798 3803 3804 3818 3821 3863 3869 3878 3881 3881 3882 3884 3886 3887 3893 3903 3917 3917 3917 3918 3928 3941 3949 3967 3975 3979 3981 3987 3988 4003 4004 4011 4015 4015 4030 4055 4067 4070 4072 4087 4094 4096 4108 4137 4141 4147 4172 4184 4208 4219 4229 4248 4253 4256 4257 4260 4350 4353 4384 4394 4396 4398 4415 4440 4446 4454 4475 4478 4496 4501 4503 4508 4526 4532 4548 4555 4565 4569 4577 4595 4597 4599 4628 4628 4639 4639 4642 4657 4674 4679 4683 4685 4691 4708 4715 4717 4723 4725 4741 4758 4762 4765 4768 4773 4774 4775 4806 4815 4828 4834 4835 4838 4844 4848 4854 4857 4881 4887 4889 4896 4911 4929 4938 4945 4949 4970 4986 5011 5020 5026 5044 5058 5072 5086 5093 5096 5108 5125 5127 5143 5168 5172 5176 5177 5196 5197 5208 5217 5222 5226 5235 5260 5263 5311 5321 5322 5323 5340 5347 5356 5358 5363 5366 5366 5382 5386 5388 5394 5398 5404 5431 5448 5450 5459 5459 5467 5469 5485 5491 5496 5500 5504 5506 5510 5522 5534 5536 5546 5554 5571 5589 5591 5616 5619 5626 5630 5636 5646 5657 5668 5676 5677 5680 5687 5696 5706 5707 5724 5739 5743 5769 5774 5777 5792 5799 5806 5817 5818 5824 5824 5827 5834 5863 5878 5890 5897 5898 5907 5933 5950 5959 5983 5986 5988 5989 5996 6024 6025 6033 6049 6057 6065 6073 6076 6079 6100 6106 6107 6112 6129 6168 6171 6184 6185 6201 6211 6212 6213 6218 6221 6235 6240 6250 6263 6275 6304 6311 6314 6351 6363 6364 6366 6376 6393 6397 6399 6402 6407 6410 6416 6420 6427 6450 6468 6470 6485 6488 6501 6515 6520 6520 6526 6526 6544 6554 6560 6571 6588 6595 6606 6624 6629 6640 6645 6646 6646 6657 6661 6664 6692 6693 6698 6706 6709 6723 6723 6728 6743 6748 6775 6785 6791 6804 6806 6808 6815 6818 6821 6831 6848 6863 6873 6905 6906 6944 6946 6946 6949 6949 6954 6959 6962 6964 6970 6981 6982 6986 7006 7008 7022 7059 7061 7062 7064 7074 7079 7101 7134 7137 7138 7146 7153 7154 7169 7172 7176 7177 7177 7182 7189 7193 7217 7224 7233 7255 7265 7301 7309 7311 7320 7325 7336 7337 7343 7344 7360 7376 7393 7429 7432 7435 7444 7446 7465 7466 7486 7495 7499 7502 7515 7534 7542 7549 7556 7559 7575 7598 7598 7623 7627 7631 7642 7643 7646 7677 7682 7689 7698 7705 7717 7728 7730 7733 7760 7763 7775 7778 7806 7820 7828 7829 7843 7844 7862 7880 7887 7892 7893 7900 7907 7958 7965 7973 7979 7987 7990 7999 8000 8008 8011 8039 8041 8046 8055 8057 8083 8099 8101 8105 8109 8127 8144 8145 8159 8162 8164 8169 8171 8176 8180 8198 8199 8214 8217 8229 8243 8249 8256 8260 8260 8284 8302 8307 8316 8319 8322 8327 8342 8354 8377 8395 8404 8423 8431 8447 8449 8455 8461 8469 8478 8481 8483 8492 8498 8527 8528 8543 8544 8577 8578 8581 8583 8586 8588 8609 8622 8624 8635 8643 8649 8662 8664 8683 8685 8686 8716 8719 8730 8735 8736 8739 8748 8758 8762 8762 8764 8764 8769 8802 8815 8818 8824 8830 8831 8846 8853 8854 8857 8861 8871 8874 8877 8878 8907 8916 8925 8930 8968 8971 8986 8991 9000 9001 9008 9012 9029 9035 9036 9047 9059 9085 9108 9110 9122 9137 9144 9151 9152 9189 9192 9197 9198 9200 9205 9220 9221 9236 9243 9250 9254 9255 9257 9273 9281 9291 9292 9294 9300 9320 9348 9370 9375 9377 9380 9380 9424 9443 9462 9465 9472 9473 9491 9501 9504 9512 9512 9525 9530 9534 9535 9541 9559 9575 9583 9601 9603 9606 9627 9644 9653 9668 9671 9677 9687 9688 9697 9714 9726 9754 9756 9759 9760 9777 9788 9811 9812 9813 9814 9831 9831 9835 9845 9848 9855 9860 9867 9880 9896 9902 9917 9930 9938 9942 9942 9975 9979 9982 9984 