

the array is 
4093 6404 5924 

the array is 
4375 8777 7986 6187 6973 

the array is 
5025 4800 4778 8459 1054 6968 234 5519 8142 

the array is 
5316 9128 8883 8842 8651 694 3562 6566 373 6076 5388 6929 7474 6529 7374 3879 8805 

the array is 
1750 9008 6791 4289 5981 1816 9089 760 6627 143 4080 6861 2014 8574 8530 7495 7457 7372 2498 4504 7286 5416 4877 3362 805 8159 836 7334 5533 1067 6139 3635 76 

the array is 
9282 7924 2409 7450 7014 3169 4078 3509 3602 7291 1876 2176 5821 5723 9634 9545 8221 4138 6831 3638 5367 6545 795 9878 3734 8129 1764 4801 620 5399 1229 6254 9676 3639 3704 3042 3160 4134 6551 6762 7778 4779 8939 3599 502 4925 9497 8724 5415 2680 8714 7134 9226 9509 3365 2960 3990 5129 4113 4610 6880 5343 7216 6556 5334 

the array is 
7272 5950 4846 1407 8854 1609 9185 3633 6900 9136 4136 8177 4985 9212 9944 7666 4278 7078 6892 3787 443 6204 4129 1924 317 5091 8805 2012 2307 1713 3698 9579 7664 8545 7338 2870 6506 2875 6503 9758 8364 6991 7935 3349 2555 7879 7367 6833 1309 4259 6972 8105 6815 1101 6381 7133 6192 1538 5497 8499 3252 9196 4431 7268 7741 1769 138 599 997 2993 357 9361 9985 4644 9062 8892 2523 6430 5726 184 7041 9050 8289 3857 152 4671 7342 2696 2561 2839 1196 5813 2035 1979 9433 6128 3748 5923 6727 4745 5269 7084 458 5254 1728 9521 498 603 5951 6224 788 9344 5275 5429 3201 1779 6452 543 4475 9014 3383 2023 1179 1770 4002 6965 7899 4103 9240 

the array is 
978 5200 4509 4415 5659 6115 6143 1532 6614 3099 3835 2838 239 3179 4465 2020 6381 2596 4825 3276 7072 3839 3011 5447 1370 4782 9450 8335 9033 3553 3928 11 5105 8437 4426 7116 4553 6922 8648 1167 21 2483 357 6612 5663 1175 8632 8396 3771 3457 1672 7195 3648 4684 2643 1371 5818 8445 9706 4851 8350 3634 4862 3455 8424 9289 572 2977 6211 9220 4144 2584 8056 853 9196 71 2028 4180 8467 5800 3990 6491 2995 7638 7527 1990 9009 3345 435 5068 8196 8785 5054 9411 2241 9830 5052 9165 2807 7615 8385 3303 199 2793 4157 5747 2864 6185 6279 1331 8337 269 7823 1333 4260 1702 3323 9621 5048 111 1041 9596 8896 2448 5359 7489 2278 411 6654 5086 8026 5040 4741 4577 4185 8898 6676 7050 5084 2956 4733 3421 9577 8908 1106 3837 611 782 9811 5659 893 852 1607 6141 3300 6967 3631 1931 3730 285 3369 1757 1677 8110 2686 5863 7009 9363 2913 8445 2319 7646 8218 1896 2907 5677 2086 3518 6459 1897 9177 3704 2749 7136 9845 2402 4103 3476 685 7834 114 4054 5943 1791 2164 8629 7654 5525 4344 6919 322 3015 918 8541 1264 3825 570 3350 7343 3381 1599 2872 7085 700 8 3282 3102 464 6759 139 4650 6873 4193 6945 5016 2710 1926 9023 8235 6271 5942 4910 9286 3212 9803 550 7037 373 252 732 3754 1851 9956 7191 2552 6317 473 2006 3133 3584 2146 7783 6809 2691 4728 1826 5401 

the array is 
6654 849 9989 9277 3143 4899 8564 6356 4702 5466 9745 1427 2071 6830 5181 274 6786 8724 9178 3103 9197 7537 2588 2782 9683 371 5943 8726 1451 7769 4128 4458 4970 469 87 8114 1720 5003 4470 6422 470 567 4201 8893 7397 5734 9167 4184 4458 8346 3639 7 5883 6228 2789 1918 2951 5085 6996 755 2854 7476 5213 4177 7945 5300 2291 9665 304 3113 2439 7126 3680 6640 2371 1078 2374 1538 1614 3184 6236 1605 3192 8471 7833 2333 6741 7137 7418 3738 7892 6625 1214 9457 802 9160 4757 9445 5177 1413 2558 7617 4891 2590 609 7262 3668 9336 5153 1634 2520 7741 3240 5712 6213 7425 4398 2954 4562 1816 6692 2454 4793 4259 1911 5595 9771 3021 5040 4948 786 3950 2565 2030 6541 3175 5644 6561 8863 797 8196 1383 8539 7788 3448 1104 5213 7846 4058 6128 6014 7103 4934 7160 7714 3198 9107 7485 2571 500 2433 3357 4450 1351 1739 991 878 7384 7553 9741 4533 2101 1124 3072 6241 924 528 7806 5122 4587 3934 7489 8042 8869 4649 5756 8419 3756 3241 990 4256 2026 699 5059 3377 2439 2402 4255 6175 6307 3996 708 8408 1473 133 1001 2397 661 8808 3872 1600 2742 1361 9642 7963 6010 1750 2734 6118 1343 3724 6727 3370 4424 1786 6747 3215 4188 1003 9390 496 1351 98 5256 2824 6583 6258 1574 7245 1418 5446 8845 4160 6807 4840 8476 9169 6590 1210 1639 7934 1287 4718 1304 2063 6504 4403 5278 7045 5406 4668 3893 3110 1118 5501 2286 7702 8111 212 4947 9529 5658 144 42 8817 4984 8518 4338 7927 6080 5978 5861 3719 696 3517 5782 3553 7920 7412 6950 9679 2080 7195 2789 9551 2696 1427 3605 808 1640 4904 337 7298 5048 6731 2468 6385 1601 6806 4312 7682 9136 6525 7753 6185 42 3536 6090 7962 948 9392 3993 9381 6587 6782 5284 5635 8210 8889 2795 9850 145 9485 3500 5193 6216 5968 7930 7818 9127 2242 1852 4615 5119 9605 7152 5161 9493 9594 9476 6794 8986 3469 2527 1925 6604 7811 7561 4814 3052 356 1016 9549 9841 868 4742 6058 3189 9025 3876 8668 7619 5728 3283 2739 1685 6788 4252 1179 6382 3728 4325 5369 3550 6852 3646 154 1015 1207 1320 419 1564 8688 9968 7757 9556 1062 3815 2745 87 4043 1413 4059 6123 1049 6798 7809 7837 1050 5340 571 1131 9665 2292 4681 6517 5939 1187 3884 7146 2507 655 5062 1195 623 2820 751 8037 2987 9849 4477 7031 7614 8536 3154 8663 1686 7315 2852 2736 2655 3424 219 2320 2068 1252 5189 8007 2439 5425 1506 4946 6080 6568 2493 6703 5740 9597 1093 8728 9446 5570 2111 7060 4106 5265 2076 5792 8933 1280 4880 1588 4704 1452 261 3125 2704 5450 1132 5144 7228 2638 6442 3308 5559 8936 6364 1299 4885 7457 6379 4331 3027 8490 7743 3485 108 6171 9277 9041 7452 509 6981 2156 1961 7242 5281 4666 9045 2766 6162 6273 1756 

the array is 
2604 5933 3667 7892 8649 1319 2777 6106 7698 3460 5485 2541 7556 5322 9001 3727 4599 4394 1179 1461 1375 9688 3422 4970 1321 4440 4015 4087 602 6640 2196 9559 8925 5863 3803 7575 7182 2933 33 4881 6393 1871 3774 3949 7193 2775 7677 8145 7169 5208 9606 8544 4896 9380 3514 6218 3821 3881 6657 775 6873 8853 334 5799 4717 490 9726 1899 3423 9759 3132 6168 1630 6906 6470 5176 6033 499 3321 3202 5707 2927 8099 604 2307 7965 3174 2480 1847 9831 3256 5072 8685 9942 871 9754 432 6949 1653 207 6709 1138 6376 4691 4396 9198 9867 430 9697 3188 9984 5404 2467 8083 2360 4775 6049 5534 7255 4248 5366 6863 9320 403 6806 6544 157 3590 9845 8162 3798 6554 9300 6526 7598 49 5724 7465 6831 1773 7006 6815 7177 9473 1251 5890 600 3652 1424 4208 7900 3142 1071 3572 3545 4229 6468 54 7820 6314 8217 1618 9220 3869 4496 6818 3918 220 636 7101 1993 7642 3917 5522 3467 5168 1412 420 5172 9189 4628 9424 8683 2051 2996 8581 2633 5817 8635 453 8483 3204 8423 4055 7074 2919 874 7344 9491 7862 4446 1484 5504 4715 3358 5323 6235 1123 5743 1407 6664 6723 831 5347 5127 179 3928 7760 2348 8916 4565 831 2120 2988 4887 5546 5907 2113 2891 5398 9975 3689 3234 1831 8404 2944 3506 4639 4067 9250 2398 731 2325 3229 2431 3804 9760 2711 1564 2109 1627 6129 9292 100 5469 531 5646 7728 2644 4889 3126 8971 8578 2712 7154 6982 5657 661 7973 6076 6263 6723 6808 8588 6304 5591 2393 6065 8302 309 4526 9930 2791 3818 30 8260 4350 5676 5989 3346 566 5467 2318 5496 4532 5824 8831 189 6485 6804 2617 2748 9880 5777 7689 6184 1368 82 2249 9671 6743 6775 9601 9534 6946 5983 4147 1296 8011 6488 4642 4929 8307 3312 426 2839 9137 9257 9380 1974 2413 1998 4723 2293 7775 8764 8478 9144 8846 7079 8815 1941 207 4768 7828 7153 751 8327 8449 8762 4815 9443 44 3122 9108 470 2314 4597 6079 8046 6571 8492 44 7646 7138 4172 6410 5616 9668 1608 9047 4835 9902 9254 9603 7730 6407 6706 6057 1208 1820 7224 652 1864 6698 6112 8686 9012 7061 4765 7059 3632 3258 3455 7631 6748 3979 393 8716 3647 8354 7763 4834 8256 3370 789 5986 9777 7495 8395 986 5668 5619 7990 3884 2317 454 2571 7682 7515 7336 4741 7499 6946 4548 1482 46 8528 1876 8762 8527 230 6526 9714 4838 9896 503 7176 6025 7999 5571 3363 19 7542 7705 3903 6211 8159 2826 3893 2026 6515 4986 5878 9813 9535 7360 9860 4415 9236 8622 9294 5818 1500 9008 7008 1396 9512 4184 3774 3863 6107 7137 234 1 1195 4137 6213 5706 6964 106 7733 9831 5093 3611 9644 980 971 9504 1747 6560 8127 7393 8730 9627 6402 5739 7376 2266 6275 7502 2481 8735 4639 2715 8736 5834 3204 4949 7893 6520 1408 5626 6351 2853 5589 5996 185 2912 5500 8284 5824 9979 5677 4555 5959 8431 6646 9687 697 9273 7189 9530 8008 8180 2245 3097 367 5450 4398 8260 8322 5806 3886 4674 5011 5827 7022 5196 8739 8874 3480 916 8854 5510 1823 1165 3941 8469 852 991 4094 8041 521 8455 6221 2767 1552 6588 4569 5950 4848 9243 8109 5086 3917 9472 7265 939 1021 2357 9814 4501 3273 5020 6363 5096 6185 305 9917 3389 1296 4011 1430 1817 8818 4003 936 370 6944 1857 2673 8144 1101 7134 9583 1370 6606 6848 8662 7627 9205 4828 8481 8830 9848 4844 278 2385 1501 195 5774 2797 559 3556 967 9377 7559 1903 6100 4503 113 5125 9000 1214 2259 8583 2584 5217 5431 7598 9197 989 2426 4030 6171 2274 5226 6450 1011 6728 6645 6785 9525 3556 341 492 2934 4253 8748 5386 5108 8861 511 4108 6427 9122 2691 5363 691 4475 2962 6240 1816 5388 270 7987 4015 1849 789 5026 8577 7435 8164 4454 7343 4857 1299 6629 9110 6399 2015 4219 5260 8878 4679 8039 8000 3723 3402 5044 8198 6364 1284 6366 8105 7907 4353 2120 9756 5143 7146 4685 8930 1662 5491 2625 6520 3142 9255 5630 9541 1270 6201 1153 6501 7233 9192 853 956 2595 5897 5506 5311 3534 1872 3416 1441 2577 5536 7549 4072 9035 8586 3002 697 429 1980 7217 3572 1235 9200 9465 8857 1753 619 5358 8986 9811 6212 9942 8758 8461 5448 4070 1995 7320 7486 9788 6250 9375 7337 322 4762 2275 9677 5459 2705 1657 9029 2629 2892 8229 2094 8101 9982 2713 9812 5321 8877 6024 5263 3987 837 7064 8057 2833 4384 1896 2621 634 7623 6311 7309 2385 4938 6986 7844 7643 8643 3225 6624 7887 7806 8719 5988 4141 1432 2152 9462 6661 8176 4725 649 5366 1789 5058 8199 2526 6954 7172 9512 4577 9835 6821 6962 4774 159 1159 8769 8802 736 5394 3041 8543 465 5382 9036 8249 7534 8498 4911 2063 9575 1912 7429 7717 6970 1980 6595 277 9152 2459 4854 5340 9281 8169 114 5792 5680 5235 4595 6416 6981 3988 1311 7446 9370 347 5696 6905 5197 6959 8968 4773 8871 6397 2490 2193 8377 9085 2470 3881 1544 7325 9221 7177 1846 5687 2970 3878 923 3917 6646 4256 4257 7958 8055 3628 4657 3751 533 9855 7062 9501 4628 2285 5898 3470 4478 627 8907 6949 4508 451 626 3730 3981 8824 5769 3303 2702 6692 3572 9348 7301 7829 3658 5356 1457 8316 5459 8342 8171 2521 7843 9151 4806 93 2621 5636 720 7880 2585 1581 4683 3211 1663 8664 2035 7432 8319 1089 477 8243 438 7778 6073 4096 3134 3882 8764 4945 2225 3287 7466 6420 2438 8624 2866 1411 4260 9938 9291 3198 1519 3975 2761 3182 8991 1149 615 7311 2238 7444 5554 2676 5222 7979 3125 4708 8214 1889 9653 6791 5177 3471 3211 3967 8447 2429 1731 9059 2368 1022 8609 3887 1349 1371 3422 6693 2520 389 4004 4758 