the array is.. 
3486 533 8936 4358 3326 4610 6353 7551 7906 8364 

the array is.. 
5864 3762 1072 9488 1751 4163 5693 1106 5187 6218 8556 5849 1973 9066 3816 5903 6483 7962 8796 1237 

the array is.. 
3784 2282 8122 2721 6640 7800 3683 9346 5352 1589 7710 7568 1703 8782 7056 9807 9298 2749 7265 837 5319 5821 6687 7292 1239 6855 9547 4074 1170 8343 

the array is.. 
5312 4954 626 9786 4027 3618 7587 4063 2964 2939 2004 674 6859 60 5809 3915 9867 1459 3016 7132 2296 8335 2953 5335 1979 545 8543 1526 4619 9713 9870 9931 1019 6848 6070 1399 6818 3657 5462 9783 

the array is.. 
2948 3818 6809 9807 3878 8970 3722 3745 6781 3090 877 5430 1425 183 765 9756 728 5660 1282 5347 5373 7504 1631 6393 704 7701 4144 7523 7710 9606 3658 658 9776 6819 465 3655 5790 539 3752 8923 3629 982 4353 1406 1165 1471 1162 8245 7131 8796 

the array is.. 
9944 8857 6301 7927 1602 3357 1980 5746 880 9690 1704 4538 348 1480 1358 7165 5135 3500 4056 5240 8775 4037 6222 3129 5443 3739 952 2957 8336 4435 8106 8280 3292 759 2560 1246 4116 4540 6992 4997 4231 5048 5887 931 6529 3597 4449 8016 3449 8505 3256 2225 2543 5830 1706 4338 9569 2658 3648 7905 

the array is.. 
3445 1754 2538 6738 2513 5098 7984 2981 5990 1329 4330 6573 6377 218 7505 9258 167 8306 3627 9969 6811 6883 2194 5706 2714 252 45 8635 9262 3693 6541 2707 1799 9079 9445 664 529 3782 3645 6519 1463 7976 3093 4192 4546 6950 9803 1065 1608 3430 1034 8419 6665 3228 478 5731 9832 523 4367 9094 568 7260 1802 2367 2691 7599 3031 3220 7733 3028 

the array is.. 
6091 5548 1004 5536 9741 1902 8838 9544 2968 446 9326 4002 5218 5991 3583 5696 1723 3415 2571 2442 2510 3139 9702 664 1858 2393 8263 4889 1965 2349 4269 8056 7897 5274 3593 3990 7176 2431 9886 6496 9230 9212 499 4448 5204 4082 144 3279 3849 2715 5721 2711 2206 1775 3375 4064 4168 7991 5305 6133 340 9574 541 4589 1200 4134 8580 4729 2918 8466 1225 2148 7679 1724 6596 9235 2158 3092 2514 6008 

the array is.. 
2159 4587 5071 4365 6362 8447 8429 6882 2790 3734 3015 3130 9660 3556 7719 861 4043 2651 5590 6961 1118 6815 5461 8797 4892 8409 4384 3402 1501 6898 5762 12 7837 834 4377 4199 9281 9158 1081 2071 9244 448 1553 8904 356 5624 9765 4399 8276 1707 7712 9394 8523 9525 4543 9767 7934 8927 3169 9435 2177 8932 9447 6366 9766 176 565 5399 9334 7998 3822 4930 4798 1727 3835 5154 7351 9952 5906 1979 1660 9970 7725 6535 9496 2268 6302 7430 7547 5823 

the array is.. 
3218 6076 1107 9017 2442 873 5546 9359 2624 1232 3709 6446 6163 8507 4525 6350 14 1877 6302 5920 3856 4314 2242 1582 7201 8090 202 9855 1873 4102 5679 1443 178 6786 6812 8973 4012 2358 8332 2988 3591 8394 9435 6106 6901 3960 2456 6915 2189 5110 9187 2398 9425 1430 3980 6626 5872 534 6482 7745 4636 8513 9188 1167 1651 6001 6492 5663 8359 1176 8652 8302 9570 4439 4408 6472 4751 3216 9739 3293 8327 8927 5691 7752 6709 6023 730 2581 6557 3564 327 7546 2077 5867 5065 81 1868 1557 5744 6580 

