the array is.. 
533 3326 3486 4358 4610 6353 7551 7906 8364 8936 

the array is.. 
1072 1106 1237 1751 1973 3762 3816 4163 5187 5693 5849 5864 5903 6218 6483 7962 8556 8796 9066 9488 

the array is.. 
837 1170 1239 1589 1703 2282 2721 2749 3683 3784 4074 5319 5352 5821 6640 6687 6855 7056 7265 7292 7568 7710 7800 8122 8343 8782 9298 9346 9547 9807 

the array is.. 
60 545 626 674 1019 1399 1459 1526 1979 2004 2296 2939 2953 2964 3016 3618 3657 3915 4027 4063 4619 4954 5312 5335 5462 5809 6070 6818 6848 6859 7132 7587 8335 8543 9713 9783 9786 9867 9870 9931 

the array is.. 
183 465 539 658 704 728 765 877 982 1162 1165 1282 1406 1425 1471 1631 2948 3090 3629 3655 3658 3722 3745 3752 3818 3878 4144 4353 5347 5373 5430 5660 5790 6393 6781 6809 6819 7131 7504 7523 7701 7710 8245 8796 8923 8970 9606 9756 9776 9807 

the array is.. 
348 759 880 931 952 1246 1358 1480 1602 1704 1706 1980 2225 2543 2560 2658 2957 3129 3256 3292 3357 3449 3500 3597 3648 3739 4037 4056 4116 4231 4338 4435 4449 4538 4540 4997 5048 5135 5240 5443 5746 5830 5887 6222 6301 6529 6992 7165 7905 7927 8016 8106 8280 8336 8505 8775 8857 9569 9690 9944 

the array is.. 
45 167 218 252 478 523 529 568 664 1034 1065 1329 1463 1608 1754 1799 1802 2194 2367 2513 2538 2691 2707 2714 2981 3028 3031 3093 3220 3228 3430 3445 3627 3645 3693 3782 4192 4330 4367 4546 5098 5706 5731 5990 6377 6519 6541 6573 6665 6738 6811 6883 6950 7260 7505 7599 7733 7976 7984 8306 8419 8635 9079 9094 9258 9262 9445 9803 9832 9969 

the array is.. 
144 340 446 499 541 664 1004 1200 1225 1723 1724 1775 1858 1902 1965 2148 2158 2206 2349 2393 2431 2442 2510 2514 2571 2711 2715 2918 2968 3092 3139 3279 3375 3415 3583 3593 3849 3990 4002 4064 4082 4134 4168 4269 4448 4589 4729 4889 5204 5218 5274 5305 5536 5548 5696 5721 5991 6008 6091 6133 6496 6596 7176 7679 7897 7991 8056 8263 8466 8580 8838 9212 9230 9235 9326 9544 9574 9702 9741 9886 

the array is.. 
12 176 356 448 565 834 861 1081 1118 1501 1553 1660 1707 1727 1979 2071 2159 2177 2268 2651 2790 3015 3130 3169 3402 3556 3734 3822 3835 4043 4199 4365 4377 4384 4399 4543 4587 4798 4892 4930 5071 5154 5399 5461 5590 5624 5762 5823 5906 6302 6362 6366 6535 6815 6882 6898 6961 7351 7430 7547 7712 7719 7725 7837 7934 7998 8276 8409 8429 8447 8523 8797 8904 8927 8932 9158 9244 9281 9334 9394 9435 9447 9496 9525 9660 9765 9766 9767 9952 9970 

the array is.. 
14 81 178 202 327 534 730 873 1107 1167 1176 1232 1430 1443 1557 1582 1651 1868 1873 1877 2077 2189 2242 2358 2398 2442 2456 2581 2624 2988 3216 3218 3293 3564 3591 3709 3856 3960 3980 4012 4102 4314 4408 4439 4525 4636 4751 5065 5110 5546 5663 5679 5691 5744 5867 5872 5920 6001 6023 6076 6106 6163 6302 6350 6446 6472 6482 6492 6557 6580 6626 6709 6786 6812 6901 6915 7201 7546 7745 7752 8090 8302 8327 8332 8359 8394 8507 8513 8652 8927 8973 9017 9187 9188 9359 9425 9435 9570 9739 9855 

