iteration	is 19 298 386 12 569 631 686 720 451 130 
key = 19

iteration	is 467 229 150 727 671 929 769 264 472 195 549 347 938 388 429 89 842 690 240 303 
key = 467

iteration	is 305 612 601 691 976 171 674 15 243 125 145 710 355 296 790 378 577 911 642 49 107 191 397 397 932 178 486 126 869 79 
key = 305

iteration	is 781 526 43 383 569 371 906 243 386 149 721 884 212 76 532 354 806 109 265 449 510 724 992 259 122 276 438 960 754 307 391 536 185 786 271 754 158 177 997 896 
key = 781

iteration	is 678 718 132 890 146 664 596 305 125 862 106 636 938 98 895 412 727 685 725 481 992 468 17 177 255 640 931 413 817 281 661 496 351 794 738 850 810 335 155 936 549 261 572 839 711 819 604 790 505 329 
key = 678

iteration	is 272 849 797 641 379 404 282 310 169 451 943 831 299 647 977 390 497 787 725 4 723 626 617 647 817 328 467 421 471 972 102 743 173 900 736 552 304 370 215 826 174 158 657 473 157 634 863 6 773 940 10 497 918 627 144 88 308 963 509 779 
key = 272

iteration	is 287 612 874 461 864 962 13 520 685 228 346 859 739 355 684 896 341 900 903 115 192 265 612 463 245 108 551 553 72 412 684 711 24 910 172 240 872 538 761 909 118 459 768 857 815 805 106 156 57 361 623 249 626 587 64 871 696 615 776 120 28 812 183 404 722 356 645 947 246 758 
key = 287

iteration	is 856 364 217 977 222 384 782 680 893 839 41 516 440 19 104 505 243 152 472 371 624 500 184 807 905 906 515 902 853 761 660 62 126 229 39 700 614 173 732 507 12 125 375 804 144 479 661 739 983 134 111 607 634 647 767 891 905 282 793 111 396 805 173 522 35 212 574 649 385 306 508 749 783 883 905 279 363 567 19 698 
key = 856

iteration	is 701 482 658 687 129 425 579 386 59 724 497 455 530 670 329 565 234 255 566 971 913 74 720 696 957 978 976 672 545 995 371 598 829 29 285 310 454 864 696 865 941 194 321 471 216 650 36 451 258 602 774 171 28 495 868 985 825 844 658 370 191 29 968 372 410 605 682 216 470 730 81 411 924 754 234 493 757 622 296 15 576 70 186 604 917 54 589 742 250 599 
key = 701

iteration	is 464 793 980 432 165 390 38 847 958 860 930 40 623 854 794 857 699 903 831 995 918 407 66 105 363 983 159 952 78 762 904 542 555 884 327 721 275 717 920 585 577 850 625 552 57 772 761 756 675 592 752 594 351 170 51 714 505 210 18 935 972 922 478 528 807 805 601 434 522 521 19 451 372 997 355 429 121 116 537 148 60 641 742 411 811 145 477 669 356 495 604 680 770 434 560 929 239 513 363 113 
key = 464

