
the array is 
351 79 28 264 
the array is 
494 979 67 178 745 585 472 192 
the array is 
615 48 942 934 311 410 607 625 207 769 907 199 39 880 77 584 
the array is 
885 903 472 237 983 852 853 829 183 920 359 928 506 831 473 473 231 767 408 894 178 15 519 737 137 427 936 528 659 14 112 897 
the array is 
269 936 486 604 789 339 785 972 259 497 253 117 680 726 591 912 493 351 806 23 718 678 761 207 457 49 735 468 415 848 365 685 784 851 641 925 542 427 250 154 924 503 271 956 581 214 868 426 917 27 450 988 57 563 195 514 612 931 334 28 131 700 65 267 
the array is 
903 58 193 798 837 795 952 113 298 575 70 231 790 938 657 59 317 459 47 374 22 243 888 987 526 223 367 657 275 784 924 530 842 469 328 680 264 280 793 914 208 863 145 998 154 155 409 471 614 457 846 989 52 86 328 578 661 695 235 288 831 511 819 673 981 499 705 597 132 851 512 340 66 9 690 572 516 99 44 131 908 242 472 960 680 800 890 342 847 477 630 678 989 801 703 322 653 761 919 137 612 783 829 30 793 519 603 309 970 999 792 231 241 264 191 273 416 434 615 615 911 598 645 900 751 701 222 756 
the array is 
462 494 893 426 277 722 456 70 593 411 732 916 410 524 147 3 141 690 277 909 124 244 525 36 842 522 288 946 223 863 702 37 357 948 463 986 22 272 57 968 683 141 884 94 17 31 97 158 721 726 420 846 971 297 234 813 819 522 111 43 737 166 80 94 466 896 81 488 168 490 456 203 983 340 297 0 723 747 159 445 825 579 291 796 876 877 962 47 399 73 442 137 591 875 583 57 771 16 546 291 858 354 494 841 47 144 842 770 243 353 215 68 284 858 865 512 735 827 559 487 252 2 976 844 229 911 901 0 928 799 643 138 154 137 980 553 633 174 323 876 527 539 945 811 749 162 323 485 341 882 324 593 236 300 789 465 563 43 817 491 842 460 982 348 950 962 901 583 136 225 460 663 116 757 826 865 919 149 702 260 383 26 205 620 678 347 437 242 390 255 85 584 67 67 285 17 381 538 601 869 115 413 884 231 170 710 449 441 859 151 53 243 530 610 215 208 957 652 802 347 907 888 284 975 307 569 992 689 107 945 558 223 358 443 806 880 153 255 673 365 759 78 608 289 689 823 849 998 827 652 698 735 892 982 62 199 
the array is 
551 406 240 10 352 151 233 62 946 40 295 451 647 320 816 406 399 776 47 440 951 897 438 779 549 136 866 793 118 928 344 21 334 585 32 38 88 617 453 34 9 100 485 9 420 302 415 171 430 463 611 382 360 402 161 261 538 27 406 9 307 750 382 993 687 766 384 775 384 837 161 745 289 647 754 709 301 522 881 731 985 844 113 697 246 626 310 137 5 68 146 664 818 528 658 858 295 42 985 31 231 147 128 520 794 883 581 95 405 462 178 742 659 644 791 905 270 453 42 628 521 540 292 691 421 950 549 716 344 887 99 575 34 227 447 180 462 29 627 219 843 805 961 502 449 104 760 72 557 802 700 430 695 344 122 116 647 23 184 991 910 283 919 296 862 366 476 325 395 455 544 239 261 858 93 62 314 853 134 872 656 186 302 351 531 776 819 178 152 3 521 62 286 440 711 500 807 187 177 554 643 74 793 256 932 887 670 246 740 805 470 748 343 125 451 226 253 270 756 405 625 278 468 911 70 531 764 877 718 941 784 713 15 929 321 299 816 992 898 909 149 720 9 492 845 813 71 99 435 827 504 61 457 324 324 528 855 440 757 926 382 893 991 397 823 313 49 991 305 947 900 806 667 262 650 865 427 721 316 214 901 172 275 710 497 952 238 704 392 348 982 126 241 974 876 64 639 925 408 296 224 660 102 243 922 752 108 701 826 424 916 727 597 543 437 446 847 28 502 592 728 485 718 321 811 594 738 450 871 146 98 447 806 200 691 729 304 151 782 130 928 698 857 877 594 647 323 441 675 177 33 403 662 104 724 825 698 462 627 922 960 725 369 767 277 412 496 582 564 630 712 492 329 922 369 923 921 44 716 596 221 750 351 236 854 427 61 904 242 41 178 202 766 548 969 396 312 817 978 876 800 42 368 129 316 737 404 237 133 472 185 355 574 888 943 780 316 356 685 910 397 215 464 516 115 786 912 428 955 890 304 755 284 673 236 601 762 640 838 248 465 376 603 39 264 546 820 932 254 857 842 652 72 659 168 540 445 80 968 400 322 624 156 958 649 392 559 412 385 750 660 850 126 615 241 742 513 61 675 767 270 517 771 695 176 291 235 973 723 203 374 45 827 882 4 477 274 915 241 11 17 253 213 143 220 455 886 733 868 913 852 139 
the array is 
430 976 834 959 267 69 932 991 624 658 388 803 540 392 632 167 660 225 530 677 478 744 173 50 551 411 135 419 324 988 910 106 964 96 65 583 165 350 574 141 8 963 945 901 707 929 420 367 155 950 45 633 694 570 684 597 981 171 369 305 159 279 411 475 376 829 59 893 531 985 387 891 948 332 792 656 261 212 375 768 163 772 402 209 342 438 159 323 609 528 980 121 159 744 948 535 925 359 781 456 345 168 347 645 852 492 301 465 704 677 234 219 801 988 781 144 778 940 819 739 468 800 860 627 896 161 515 821 520 648 629 217 816 328 863 668 820 516 133 877 545 719 96 347 707 229 491 485 169 662 225 989 814 437 969 710 950 836 883 823 484 512 40 300 841 255 320 13 772 805 890 317 525 339 16 584 568 859 422 738 522 999 79 336 788 400 399 739 236 282 562 72 147 602 372 340 858 44 353 982 850 596 651 727 935 668 663 503 879 85 593 401 436 25 738 225 425 489 964 662 771 526 734 270 480 459 610 690 855 316 672 57 912 324 136 847 344 800 702 223 237 296 977 674 321 67 899 98 556 215 112 327 741 199 950 221 658 560 912 865 228 936 923 492 260 59 691 956 211 394 532 449 42 509 475 715 576 374 813 132 589 926 811 682 125 761 903 135 674 167 0 902 104 275 395 716 335 86 25 898 832 557 347 874 66 822 589 642 548 755 126 489 681 937 171 158 699 427 645 725 594 997 627 50 273 374 119 960 813 144 858 645 701 558 872 119 732 813 113 281 568 239 770 601 528 942 111 579 721 756 304 315 754 284 718 379 658 837 691 471 981 901 469 34 459 341 153 192 154 618 825 75 857 595 676 737 889 788 317 610 896 621 278 650 905 348 381 916 185 72 739 518 974 208 904 785 901 57 329 408 27 154 483 236 102 159 973 991 299 290 954 196 264 584 198 521 932 580 437 469 4 177 987 330 737 891 468 639 300 797 47 327 304 882 915 406 41 888 749 693 531 703 889 795 639 439 316 571 19 754 40 376 283 379 706 20 270 174 11 922 324 58 601 628 940 516 34 334 405 135 379 936 191 620 83 830 59 399 754 431 505 794 807 788 526 865 161 796 392 172 71 68 583 672 696 523 189 82 209 946 217 588 234 408 208 317 591 268 68 345 51 574 491 858 714 17 75 875 166 819 400 237 887 983 909 583 858 450 17 68 396 587 8 630 347 569 299 938 189 368 283 240 294 127 450 8 144 525 236 310 345 636 899 584 619 161 168 477 611 537 897 360 124 258 342 472 827 642 762 16 362 46 608 656 525 58 664 669 935 252 332 632 888 231 217 859 392 737 689 4 274 938 716 751 196 58 223 23 52 985 391 414 383 999 422 908 409 87 930 345 691 262 977 580 493 546 791 886 283 480 242 910 419 958 661 967 368 236 343 773 573 734 539 309 86 962 569 495 401 499 192 92 113 522 672 607 68 464 845 704 296 439 614 67 749 275 35 469 863 378 242 788 464 782 97 550 744 667 398 145 518 590 237 632 464 262 591 533 78 788 237 374 227 851 794 976 478 829 797 693 207 40 481 671 174 931 574 918 950 324 415 468 266 4 452 731 618 395 264 696 183 853 423 762 56 217 90 886 46 888 579 605 928 412 628 102 343 554 372 293 878 139 114 497 143 566 228 114 314 844 810 497 49 585 612 105 802 702 991 200 942 922 157 222 334 138 676 30 692 400 323 923 539 437 420 35 356 0 149 670 844 311 519 893 897 131 350 51 186 693 604 128 615 761 351 301 899 27 331 944 428 7 867 319 444 287 354 800 639 855 822 483 167 342 728 416 473 78 467 659 771 71 140 738 185 491 39 436 870 723 380 650 730 247 970 526 886 676 327 525 532 149 360 51 843 88 467 317 518 286 328 641 710 468 731 895 311 123 331 182 846 64 184 928 663 506 454 550 535 133 427 419 635 140 470 478 580 289 795 451 575 124 92 285 944 824 532 256 299 216 790 145 280 974 425 943 833 879 845 368 13 625 787 648 765 609 126 345 898 274 796 825 750 241 111 694 417 643 302 716 211 92 213 491 419 638 787 252 869 632 972 234 257 759 882 374 720 361 72 618 987 220 443 89 461 906 135 230 902 438 946 113 882 511 605 301 501 744 905 371 376 877 605 986 988 840 712 708 553 784 678 540 5 474 981 818 380 116 49 282 554 347 748 789 211 705 90 712 449 348 435 177 225 41 163 214 233 228 274 786 12 953 678 369 427 659 540 159 127 589 794 34 288 542 823 851 247 913 564 696 261 999 873 839 392 389 405 977 617 31 763 981 984 793 