
the array is 
28 264 79 351 
the array is 
67 494 192 745 178 585 472 979 
the array is 
39 607 207 880 77 625 410 934 48 615 311 907 199 769 584 942 
the array is 
14 528 359 885 178 829 473 920 112 737 427 897 231 852 506 936 15 659 408 894 183 831 473 928 137 767 472 903 237 853 519 983 
the array is 
23 514 269 784 154 678 427 917 57 591 351 848 250 718 486 936 28 563 334 789 207 685 457 925 117 612 415 868 259 735 497 972 27 542 271 785 195 680 450 924 65 604 365 851 253 726 493 956 49 581 339 806 214 700 468 931 131 641 426 912 267 761 503 988 
the array is 
9 578 273 795 145 680 434 903 66 630 328 842 231 756 511 960 47 612 298 819 193 701 471 919 113 657 367 863 242 790 526 989 30 598 280 800 155 690 459 911 86 653 340 847 235 783 516 981 58 615 317 831 222 705 477 938 132 673 409 890 264 793 572 998 22 597 275 798 154 680 457 908 70 645 328 846 231 761 512 970 52 614 309 829 208 703 472 924 131 661 374 888 243 792 530 989 44 603 288 801 191 695 469 914 99 657 342 851 241 784 519 987 59 615 322 837 223 751 499 952 137 678 416 900 264 793 575 999 
the array is 
0 487 225 802 107 633 347 884 53 553 284 846 154 722 426 948 26 522 244 826 138 689 381 909 73 584 297 869 199 749 456 976 16 494 236 817 124 663 354 896 67 569 289 859 166 735 443 962 43 530 260 842 147 702 410 928 85 601 323 877 215 771 463 983 2 490 231 811 115 652 348 892 57 559 285 858 159 726 441 957 36 525 255 827 141 690 390 916 80 593 307 876 205 759 460 982 17 512 243 823 137 678 358 901 68 583 291 865 170 737 449 971 47 539 277 842 151 710 413 945 94 610 340 882 223 796 466 992 0 488 229 806 111 643 347 888 57 558 284 849 158 723 437 950 31 524 252 827 141 689 383 911 78 591 300 875 203 757 460 980 17 494 242 819 136 673 357 901 67 579 291 863 168 735 445 968 43 538 272 842 149 702 411 945 94 608 324 880 215 789 465 986 3 491 234 813 116 652 353 893 62 563 288 858 162 732 442 962 37 527 255 841 144 698 399 919 81 593 323 876 208 770 462 982 22 522 243 825 137 683 365 907 70 583 297 865 174 747 456 975 47 546 277 844 153 721 420 946 97 620 341 884 223 799 485 998 
the array is 
3 472 253 756 126 647 374 876 61 549 310 816 186 709 427 923 31 520 286 784 152 670 402 901 95 601 334 847 235 729 450 958 11 497 270 767 139 658 392 887 70 581 321 827 219 718 440 941 41 538 299 805 177 695 408 913 108 627 352 858 241 745 462 982 9 485 261 764 133 649 382 881 62 559 316 820 203 713 435 928 34 528 295 793 168 685 405 910 100 617 344 854 238 738 453 969 23 504 277 776 147 660 397 893 74 594 324 842 226 724 446 950 44 544 304 807 178 698 420 921 118 639 366 866 246 750 464 991 5 477 256 760 129 647 382 877 61 554 313 818 200 711 430 926 33 521 291 791 161 675 404 905 99 611 344 852 236 733 451 961 17 502 274 775 146 659 395 888 72 585 322 837 221 721 441 946 42 540 302 806 178 697 412 916 115 628 356 862 242 750 462 985 9 492 264 766 136 652 384 883 64 574 316 825 214 716 438 932 39 531 296 800 172 691 406 911 104 625 351 857 240 742 455 974 28 516 283 780 151 664 399 898 88 596 325 844 231 727 447 952 47 548 305 813 184 701 424 922 125 643 369 871 248 754 468 992 4 476 254 757 128 647 376 876 61 551 312 817 187 710 428 925 32 521 289 786 156 673 403 904 98 603 343 850 236 731 451 960 15 500 270 771 143 659 392 887 71 582 321 827 220 720 440 943 42 540 301 805 177 695 412 915 113 627 355 858 241 748 462 985 9 492 262 766 134 650 384 882 62 564 316 823 213 716 437 929 38 528 295 794 171 687 406 910 102 624 348 855 239 740 455 973 27 513 278 779 149 662 397 897 80 594 324 843 227 725 447 951 45 546 304 811 180 700 421 922 122 640 368 868 246 752 465 991 9 485 261 762 130 647 382 877 62 557 314 819 202 712 430 928 34 522 292 793 161 675 405 909 99 615 344 853 237 737 453 968 21 502 275 776 146 660 396 890 72 592 323 838 224 723 445 947 42 543 302 806 178 698 415 919 116 630 360 865 243 750 463 991 10 496 270 767 137 656 385 886 68 575 320 826 215 718 440 932 40 531 296 802 176 691 406 912 104 626 351 857 241 742 457 978 29 517 284 782 151 667 400 900 93 597 329 845 233 728 449 955 49 549 307 816 185 704 427 922 126 644 369 872 253 755 470 993 
the array is 
0 497 261 750 135 628 374 882 67 568 323 818 198 691 435 938 39 531 293 788 161 659 401 904 97 594 345 851 228 716 468 973 17 519 278 771 147 642 391 895 79 583 334 832 217 703 451 950 51 546 309 797 174 672 419 923 119 610 360 865 237 737 480 985 8 511 270 761 140 633 379 888 71 574 328 823 211 694 439 944 45 537 300 794 168 664 411 912 111 605 348 858 234 728 474 980 27 525 283 782 158 650 396 899 89 588 342 843 223 710 464 962 58 556 317 807 186 677 425 931 126 618 369 875 252 741 491 989 4 503 264 754 136 632 376 886 68 571 324 821 208 693 437 942 41 532 299 790 166 662 406 908 104 601 347 855 231 721 470 976 23 522 282 773 154 645 392 897 86 584 339 837 219 706 459 956 56 551 314 801 183 676 420 928 124 615 367 870 242 738 484 987 13 516 274 763 144 639 383 891 75 579 331 827 213 699 449 948 49 540 302 795 171 669 415 916 113 608 353 859 236 732 478 981 34 526 287 787 159 656 400 901 92 590 344 845 225 714 467 967 59 562 319 813 192 682 427 935 131 624 372 879 257 744 492 997 4 499 262 754 135 629 376 886 68 569 324 819 200 691 436 940 40 532 296 788 163 660 405 905 102 596 347 852 229 719 469 974 19 521 280 772 149 643 392 896 83 583 335 834 217 704 454 953 51 550 311 800 177 674 419 925 121 612 361 867 240 738 483 986 11 515 273 762 143 636 380 889 72 576 329 825 211 696 443 946 46 539 301 794 169 668 412 913 113 605 350 858 236 731 475 981 31 526 285 785 159 651 399 901 90 589 343 844 225 712 465 964 59 558 317 811 189 678 427 932 127 620 371 877 255 744 491 991 7 506 267 756 139 632 379 888 69 574 327 822 209 693 438 943 42 535 299 792 167 663 408 910 106 602 347 857 234 725 472 977 25 525 283 781 155 648 395 898 87 585 341 840 221 707 461 959 57 554 316 803 185 676 422 929 125 618 368 873 247 739 489 988 16 518 275 768 145 639 388 893 78 580 332 829 215 702 450 950 50 542 304 796 173 671 417 922 114 609 356 863 237 734 478 983 35 528 289 788 161 658 400 902 96 591 345 847 227 716 468 970 65 566 321 814 196 689 430 936 133 627 374 882 260 749 493 999 0 497 262 751 135 628 375 883 67 569 324 819 199 691 436 938 40 531 294 788 163 659 402 905 98 595 345 851 228 718 469 974 17 520 279 771 149 642 392 896 82 583 334 833 217 704 452 950 51 548 310 800 177 672 419 923 119 611 360 865 239 737 481 985 8 512 270 761 141 635 380 889 72 575 328 824 211 696 439 945 46 539 301 794 168 667 411 912 112 605 350 858 236 730 475 981 30 525 284 784 159 650 398 899 90 589 342 844 223 710 464 963 58 557 317 810 189 678 425 932 127 619 369 877 252 744 491 991 5 505 266 755 138 632 378 887 68 573 327 822 208 693 437 942 41 533 299 791 167 662 408 909 105 601 347 855 233 723 471 977 25 523 282 778 154 645 394 898 86 584 340 839 220 707 459 958 57 553 315 802 184 676 422 928 124 617 368 872 242 739 485 988 13 518 274 765 144 639 387 891 75 580 331 829 214 701 449 948 49 540 304 796 172 670 416 918 114 609 354 860 237 734 478 982 34 528 288 787 159 658 400 902 92 591 345 846 225 715 468 969 64 564 320 813 192 684 428 936 132 625 374 879 258 748 492 999 4 501 264 754 135 630 376 886 68 570 324 820 207 692 437 940 40 532 296 789 165 661 405 906 102 597 347 853 230 720 469 976 20 522 281 772 153 645 392 897 85 584 336 836 217 705 456 954 52 550 311 800 182 674 420 926 123 614 362 869 241 738 483 987 12 516 274 762 144 638 381 890 72 579 330 825 212 696 444 946 47 540 301 795 171 668 414 915 113 607 351 859 236 731 477 981 34 526 286 786 159 656 399 901 92 589 343 845 225 712 467 964 59 560 317 813 191 681 427 935 128 621 372 878 256 744 491 991 8 509 268 759 140 632 379 888 71 574 327 823 209 694 438 944 44 535 300 793 167 663 409 910 111 604 348 858 234 727 473 977 27 525 283 781 157 648 395 899 88 587 342 841 222 708 464 960 58 554 316 805 185 677 423 930 126 618 368 874 247 739 489 988 16 518 275 770 145 641 389 893 78 580 332 830 216 702 450 950 50 545 305 797 174 672 419 922 116 610 359 863 237 737 480 984 35 530 290 788 161 658 401 903 96 593 345 850 228 716 468 972 66 568 323 816 196 690 431 937 133 627 374 882 261 749 495 999 