
the array is 
28 79 264 351 
the array is 
67 178 192 472 494 585 745 979 
the array is 
39 48 77 199 207 311 410 584 607 615 625 769 880 907 934 942 
the array is 
14 15 112 137 178 183 231 237 359 408 427 472 473 473 506 519 528 659 737 767 829 831 852 853 885 894 897 903 920 928 936 983 
the array is 
23 27 28 49 57 65 117 131 154 195 207 214 250 253 259 267 269 271 334 339 351 365 415 426 427 450 457 468 486 493 497 503 514 542 563 581 591 604 612 641 678 680 685 700 718 726 735 761 784 785 789 806 848 851 868 912 917 924 925 931 936 956 972 988 
the array is 
9 22 30 44 47 52 58 59 66 70 86 99 113 131 132 137 145 154 155 191 193 208 222 223 231 231 235 241 242 243 264 264 273 275 280 288 298 309 317 322 328 328 340 342 367 374 409 416 434 457 459 469 471 472 477 499 511 512 516 519 526 530 572 575 578 597 598 603 612 614 615 615 630 645 653 657 657 661 673 678 680 680 690 695 701 703 705 751 756 761 783 784 790 792 793 793 795 798 800 801 819 829 831 837 842 846 847 851 863 888 890 900 903 908 911 914 919 924 938 952 960 970 981 987 989 989 998 999 
the array is 
0 0 2 3 16 17 17 22 26 31 36 37 43 43 47 47 53 57 57 62 67 67 68 70 73 78 80 81 85 94 94 97 107 111 115 116 124 136 137 137 138 141 141 144 147 149 151 153 154 158 159 162 166 168 170 174 199 203 205 208 215 215 223 223 225 229 231 234 236 242 243 243 244 252 255 255 260 272 277 277 284 284 285 288 289 291 291 297 297 300 307 323 323 324 340 341 347 347 348 353 354 357 358 365 381 383 390 399 410 411 413 420 426 437 441 442 443 445 449 456 456 460 460 462 463 465 466 485 487 488 490 491 494 494 512 522 522 524 525 527 530 538 539 546 553 558 559 563 569 579 583 583 584 591 593 593 601 608 610 620 633 643 652 652 663 673 678 683 689 689 690 698 702 702 710 721 722 723 726 732 735 735 737 747 749 757 759 770 771 789 796 799 802 806 811 813 817 819 823 825 826 827 827 841 842 842 842 844 846 849 858 858 859 863 865 865 869 875 876 876 877 880 882 884 884 888 892 893 896 901 901 907 909 911 916 919 928 945 945 946 948 950 957 962 962 968 971 975 976 980 982 982 983 986 992 998 
the array is 
3 4 5 9 9 9 9 10 11 15 17 21 23 27 28 29 31 32 33 34 34 38 39 40 41 42 42 42 44 45 47 49 61 61 61 62 62 62 64 68 70 71 72 72 74 80 88 93 95 98 99 99 100 102 104 104 108 113 115 116 118 122 125 126 126 128 129 130 133 134 136 137 139 143 146 146 147 149 151 151 152 156 161 161 168 171 172 176 177 177 178 178 178 180 184 185 186 187 200 202 203 213 214 215 219 220 221 224 226 227 231 233 235 236 236 237 238 239 240 241 241 241 242 243 246 246 248 253 253 254 256 261 261 262 264 270 270 270 274 275 277 278 283 284 286 289 291 292 295 295 296 296 299 301 302 302 304 304 305 307 310 312 313 314 316 316 316 320 321 321 322 323 324 324 325 329 334 343 344 344 344 348 351 351 352 355 356 360 366 368 369 369 374 376 382 382 382 384 384 385 392 392 395 396 397 397 399 400 402 403 404 405 405 406 406 406 408 412 412 415 420 421 424 427 427 428 430 430 435 437 438 440 440 440 441 445 446 447 447 449 450 451 451 453 453 455 455 457 462 462 462 463 464 465 468 470 472 476 477 485 485 492 492 496 497 500 502 502 504 513 516 517 520 521 521 522 528 528 531 531 538 540 540 543 544 546 548 549 549 551 554 557 559 564 574 575 581 582 585 592 594 594 596 597 601 603 611 615 617 624 625 626 627 627 628 630 639 640 643 644 647 647 647 647 649 650 652 656 658 659 659 660 660 662 664 667 670 673 675 675 685 687 691 691 695 695 697 698 698 700 701 704 709 710 711 712 713 716 716 718 718 720 721 723 724 725 727 728 729 731 733 737 738 740 742 742 745 748 750 750 750 752 754 755 756 757 760 762 764 766 766 767 767 771 775 776 776 779 780 782 784 786 791 793 793 794 800 802 805 805 806 806 807 811 813 816 816 817 818 819 820 823 825 826 827 827 837 838 842 843 844 845 847 850 852 853 854 855 857 857 858 858 862 865 866 868 871 872 876 876 877 877 881 882 883 886 887 887 888 890 893 897 898 900 901 904 905 909 910 910 911 912 913 915 916 919 921 922 922 922 923 925 926 928 928 929 932 932 941 943 946 947 950 951 952 955 958 960 961 968 969 973 974 978 982 985 985 991 991 991 992 993 
the array is 
0 0 4 4 4 5 7 8 8 8 11 12 13 13 16 16 17 17 19 20 23 25 25 27 27 30 31 34 34 34 35 35 39 40 40 40 41 41 42 44 45 46 46 47 49 49 50 50 51 51 51 52 56 57 57 58 58 58 59 59 59 64 65 66 67 67 68 68 68 68 69 71 71 72 72 72 75 75 78 78 79 82 83 85 86 86 87 88 89 90 90 92 92 92 96 96 97 98 102 102 104 105 106 111 111 112 113 113 113 114 114 116 119 119 121 123 124 124 125 126 126 127 127 128 131 132 133 133 135 135 135 135 136 138 139 140 140 141 143 144 144 144 145 145 147 149 149 153 154 154 155 157 158 159 159 159 159 159 161 161 161 163 163 165 166 167 167 167 168 168 169 171 171 172 173 174 174 177 177 182 183 184 185 185 186 189 189 191 192 192 196 196 198 199 200 207 208 208 209 209 211 211 211 212 213 214 215 216 217 217 217 217 219 220 221 222 223 223 225 225 225 225 227 228 228 228 229 230 231 233 234 234 234 236 236 236 236 237 237 237 237 239 240 241 242 242 247 247 252 252 255 256 257 258 260 261 261 262 262 264 264 266 267 268 270 270 273 274 274 274 275 275 278 279 280 281 282 282 283 283 283 284 285 286 287 288 289 290 293 294 296 296 299 299 299 300 300 301 301 301 302 304 304 305 309 310 311 311 314 315 316 316 317 317 317 317 319 320 321 323 323 324 324 324 324 327 327 327 328 328 329 330 331 331 332 332 334 334 335 336 339 340 341 342 342 342 343 343 344 345 345 345 345 345 347 347 347 347 347 348 348 350 350 351 353 354 356 359 360 360 361 362 367 368 368 368 369 369 371 372 372 374 374 374 374 375 376 376 376 378 379 379 379 380 380 381 383 387 388 389 391 392 392 392 392 394 395 395 396 398 399 399 400 400 400 401 401 402 405 405 406 408 408 409 411 411 412 414 415 416 417 419 419 419 419 420 420 422 422 423 425 425 427 427 427 428 430 431 435 436 436 437 437 437 438 438 439 439 443 444 449 449 450 450 451 452 454 456 459 459 461 464 464 464 465 467 467 468 468 468 468 469 469 469 470 471 472 473 474 475 475 477 478 478 478 480 480 481 483 483 484 485 489 489 491 491 491 491 492 492 493 495 497 497 499 501 503 505 506 509 511 512 515 516 516 518 518 518 519 520 521 522 522 523 525 525 525 525 526 526 526 528 528 530 531 531 532 532 532 533 535 535 537 539 539 540 540 540 542 545 546 548 550 550 551 553 554 554 556 557 558 560 562 564 566 568 568 569 569 570 571 573 574 574 574 575 576 579 579 580 580 580 583 583 583 584 584 584 585 587 588 589 589 589 590 591 591 593 594 595 596 597 601 601 602 604 605 605 605 607 608 609 609 610 610 611 612 614 615 617 618 618 618 619 620 621 624 625 627 627 628 628 629 630 632 632 632 632 633 635 636 638 639 639 639 641 642 642 643 645 645 645 648 648 650 650 651 656 656 658 658 658 659 659 660 661 662 662 663 663 664 667 668 668 669 670 671 672 672 672 674 674 676 676 676 677 677 678 678 681 682 684 689 690 691 691 691 692 693 693 693 694 694 696 696 696 699 701 702 702 703 704 704 705 706 707 707 708 710 710 712 712 714 715 716 716 716 718 719 720 721 723 725 727 728 730 731 731 732 734 734 737 737 737 738 738 738 739 739 739 741 744 744 744 744 748 749 749 750 751 754 754 754 755 756 759 761 761 762 762 763 765 768 770 771 771 772 772 773 778 781 781 782 784 785 786 787 787 788 788 788 788 788 789 790 791 792 793 794 794 794 795 795 796 796 797 797 800 800 800 801 802 803 805 807 810 811 813 813 813 814 816 818 819 819 820 821 822 822 823 823 824 825 825 827 829 829 830 832 833 834 836 837 839 840 841 843 844 844 845 845 846 847 850 851 851 852 853 855 855 857 858 858 858 858 859 859 860 863 863 865 865 867 869 870 872 873 874 875 877 877 878 879 879 882 882 882 883 886 886 886 887 888 888 888 889 889 890 891 891 893 893 895 896 896 897 897 898 898 899 899 899 901 901 901 902 902 903 904 905 905 906 908 909 910 910 912 912 913 915 916 918 922 922 923 923 925 926 928 928 929 930 931 932 932 935 935 936 936 937 938 938 940 940 942 942 943 944 944 945 946 946 948 948 950 950 950 950 953 954 956 958 959 960 962 963 964 964 967 969 970 972 973 974 974 976 976 977 977 977 980 981 981 981 981 982 983 984 985 985 986 987 987 988 988 988 989 991 991 991 997 999 999 999 