
the array is 
852 440 805 701 
the array is 
516 483 909 501 943 443 613 588 
the array is 
722 704 409 549 813 312 81 602 950 317 652 886 678 520 831 694 
the array is 
88 341 380 940 133 185 993 2 21 903 855 964 698 468 552 420 172 313 322 986 625 755 940 927 72 593 166 750 465 349 796 553 
the array is 
42 176 845 176 714 838 530 735 93 385 51 792 205 955 564 378 268 238 716 245 994 8 524 418 601 690 169 418 40 317 323 82 494 168 610 208 359 140 295 804 877 698 948 83 653 513 813 273 103 529 870 97 889 394 516 843 437 37 261 477 354 585 911 200 
the array is 
105 522 760 816 14 55 621 892 753 569 327 758 434 140 383 538 21 605 635 910 0 503 753 437 892 15 266 599 952 529 151 57 51 912 874 418 319 847 310 425 416 637 535 851 129 919 389 150 524 376 60 876 232 814 665 476 181 283 75 133 813 579 542 864 491 768 282 810 615 944 235 32 933 771 235 62 42 624 212 918 352 625 795 584 791 812 61 972 96 488 457 909 67 351 125 910 120 760 73 87 704 660 471 990 783 706 52 825 682 617 96 387 242 891 971 33 55 384 357 151 225 166 60 644 517 538 555 989 
the array is 
298 628 429 354 288 900 344 72 959 397 249 641 366 345 28 608 588 352 993 644 88 350 147 665 516 560 310 385 98 217 727 748 845 156 102 485 56 799 909 367 548 511 361 914 856 389 522 797 93 515 441 534 217 940 199 85 500 509 470 598 726 549 346 923 705 801 761 114 600 22 481 148 533 842 62 742 584 936 539 29 803 332 563 20 624 763 105 125 624 927 75 703 477 422 978 182 575 91 648 175 114 130 675 999 324 89 93 908 25 632 938 828 316 853 200 941 616 305 418 593 584 493 648 61 267 626 596 842 70 244 369 536 726 44 535 51 485 629 959 510 613 249 690 282 103 890 575 71 195 993 16 780 486 664 193 754 643 789 596 713 386 318 249 112 362 136 515 200 117 827 710 731 76 401 365 531 291 940 603 839 933 619 971 771 636 516 525 279 658 474 344 44 792 945 508 506 433 24 706 551 203 769 634 279 522 999 811 165 291 766 4 576 737 327 347 373 844 225 4 502 51 700 898 195 645 758 53 79 134 112 982 337 881 616 969 403 967 132 920 258 898 925 186 987 604 885 361 800 462 717 654 513 418 552 60 415 
the array is 
311 114 494 797 226 476 135 459 444 104 214 763 236 134 373 486 411 559 473 368 445 186 168 259 256 823 125 674 727 185 89 390 651 936 188 229 764 675 688 209 779 254 324 367 741 698 205 152 257 678 872 54 217 41 314 473 216 439 147 943 976 588 686 628 524 874 857 641 549 546 202 680 152 526 399 893 224 604 398 482 634 270 888 851 663 554 324 231 345 823 527 322 412 213 950 288 439 807 929 340 705 131 20 210 658 771 103 882 375 853 716 361 476 957 213 491 511 537 723 857 361 250 531 773 463 481 61 902 640 343 242 346 474 614 556 484 737 11 719 464 865 435 825 693 744 38 184 256 576 907 465 289 509 996 414 972 829 827 226 469 170 820 167 997 786 723 481 523 87 200 987 304 988 813 997 732 851 181 340 779 441 157 420 950 153 834 275 334 662 501 804 184 674 971 181 460 47 15 984 486 215 971 790 203 784 139 288 988 320 628 767 113 138 188 64 291 374 339 978 388 192 782 573 866 105 106 327 152 121 663 638 689 634 780 244 771 919 532 759 592 513 878 705 651 418 121 294 145 460 272 533 5 406 458 223 512 565 550 664 38 213 655 79 200 435 324 971 355 856 82 947 721 960 4 372 731 126 19 876 938 291 409 943 698 220 167 210 137 69 226 527 635 233 607 835 669 931 158 376 139 592 675 861 904 679 585 635 157 956 863 96 248 625 391 298 845 910 860 982 980 438 509 967 672 468 154 693 399 664 69 539 256 96 752 160 775 689 796 933 646 11 381 246 636 772 896 481 683 756 815 663 546 677 982 218 145 136 911 897 800 332 788 56 428 540 568 556 581 364 489 227 376 870 825 364 642 721 846 677 477 13 340 376 690 674 594 188 810 858 85 962 190 873 370 971 765 939 527 346 655 16 926 383 238 751 748 232 473 946 910 302 311 602 678 354 629 625 542 439 483 979 754 25 852 476 996 617 767 523 315 423 891 241 158 481 345 258 714 818 556 976 472 868 930 151 222 559 128 116 351 611 95 105 636 947 933 985 916 701 508 231 476 752 825 634 233 170 245 299 340 801 275 812 669 206 315 243 765 443 359 468 406 454 573 395 753 859 380 21 560 888 253 388 640 430 22 226 600 619 525 292 421 801 104 442 359 772 686 476 215 397 945 
the array is 
974 204 870 369 309 729 749 331 641 989 936 29 982 366 404 208 318 23 733 962 796 886 418 239 245 190 277 722 758 26 19 732 582 889 101 892 971 202 575 612 191 511 994 173 229 398 381 899 773 467 861 922 353 279 513 951 822 142 673 580 168 44 664 103 933 765 995 904 319 922 869 510 433 863 36 14 613 769 913 738 236 126 660 590 405 173 893 227 315 566 159 836 962 823 939 895 940 934 152 259 856 21 122 641 236 158 655 849 927 920 939 516 46 600 106 803 773 999 383 441 917 542 277 879 718 216 126 658 502 630 270 710 651 392 703 239 902 710 440 829 630 380 345 28 332 803 183 105 154 566 898 423 461 175 654 179 743 133 189 245 763 811 307 767 203 10 6 457 720 799 287 702 179 984 730 511 140 266 968 646 832 867 70 645 394 76 176 138 561 718 735 325 529 395 92 85 405 450 542 478 249 181 180 780 518 263 291 658 529 612 656 713 479 78 359 225 155 887 363 716 605 451 393 135 846 837 220 603 288 114 81 889 296 614 670 166 877 961 824 758 573 832 471 404 911 182 982 418 70 697 134 675 148 880 810 346 717 382 950 357 849 31 247 145 997 917 311 874 230 487 632 156 671 456 912 582 638 894 0 708 592 487 736 740 367 898 439 436 281 389 794 130 772 41 627 770 958 290 996 540 129 981 696 800 437 609 735 427 503 735 488 95 574 224 188 941 122 627 730 755 368 524 237 140 565 216 262 875 858 611 415 339 592 112 492 381 73 227 808 576 314 296 24 889 872 212 182 347 191 912 102 559 436 692 51 353 260 666 228 119 277 996 810 221 460 302 602 533 529 410 461 196 59 485 85 931 49 267 278 592 180 733 503 968 777 555 322 389 573 902 860 202 250 671 423 710 973 25 595 855 435 409 403 846 246 488 130 296 755 760 240 287 493 744 256 622 651 930 12 224 832 872 426 83 895 201 145 221 226 93 428 13 502 831 860 748 319 990 396 426 102 637 714 596 733 322 570 384 252 934 960 436 159 738 871 54 939 369 627 517 462 55 530 316 886 742 64 557 84 813 984 187 802 50 135 535 724 705 271 976 992 231 764 151 321 636 557 260 5 185 777 819 240 659 135 479 402 551 36 486 364 372 673 166 422 808 53 146 866 324 474 858 555 239 361 228 227 918 840 584 455 617 403 48 629 538 527 31 89 915 869 806 288 895 972 62 55 378 561 921 702 387 131 610 626 492 838 205 763 679 789 218 648 192 266 277 82 145 660 524 61 530 330 349 425 654 763 480 32 324 754 735 64 885 345 42 730 535 248 845 214 389 63 863 582 682 140 16 827 801 540 888 683 222 589 460 229 705 292 261 29 46 348 445 284 45 488 366 581 736 211 795 125 626 658 59 308 151 428 136 304 968 376 339 543 966 799 772 671 443 385 52 842 734 498 126 131 338 844 712 74 407 860 551 33 870 611 342 21 39 830 677 359 206 16 254 524 167 26 547 611 764 952 805 850 802 283 981 140 127 46 214 534 906 117 567 776 80 261 150 471 91 179 183 650 548 437 174 67 816 722 30 580 26 835 430 828 118 411 968 245 457 534 131 715 651 51 844 732 312 346 203 756 525 386 406 73 176 932 141 992 654 171 572 680 359 354 860 477 117 828 75 575 362 206 642 14 609 486 98 274 832 653 30 710 392 436 783 568 368 276 560 375 800 484 407 159 838 268 988 955 96 63 882 811 622 877 177 583 363 275 857 548 928 887 258 672 675 393 240 396 22 800 771 822 636 530 333 474 150 321 782 599 737 664 410 711 893 587 294 257 214 152 157 494 39 415 167 67 160 407 463 182 560 586 356 196 116 689 23 267 363 157 866 452 173 628 163 67 567 809 676 781 961 833 275 353 600 794 420 760 554 883 295 114 469 651 662 937 693 37 204 56 194 422 860 368 402 375 787 969 184 463 750 146 296 378 851 896 524 271 8 78 506 303 192 327 955 207 264 0 244 821 408 791 595 268 511 998 643 298 967 827 761 70 325 57 800 176 305 324 799 313 403 305 969 947 632 276 154 249 276 751 70 684 894 17 304 405 15 947 703 335 126 464 405 452 873 205 980 530 881 780 195 636 85 164 584 70 792 90 671 68 193 93 104 87 110 408 492 478 355 195 813 834 11 218 286 236 775 266 766 8 398 314 645 836 830 229 906 623 671 929 691 865 22 796 952 132 204 445 610 912 992 423 98 356 993 384 592 120 2 711 129 401 377 774 237 207 355 495 830 26 424 522 243 446 670 196 930 226 993 893 490 985 668 588 341 662 972 286 134 327 349 