the first array is 
3199 9472 

the first array is 
1299 1482 3253 7226 

the first array is 
232 8772 1769 7845 4882 7746 7487 5197 

the first array is 
9445 7457 4414 5678 7180 853 4743 8330 640 1158 2871 7326 2149 8117 4600 1971 

the first array is 
1 4152 7795 1300 5634 7400 8527 2218 6173 6648 63 1055 746 3902 2604 191 7711 7018 5869 4891 7871 6964 3221 4864 4475 6092 2190 6624 561 6791 4947 562 

the first array is 
943 2742 8215 2929 6495 6742 1499 9020 9742 1562 75 488 5464 9031 7031 3175 6049 9253 4418 3921 6217 3991 8785 692 6435 7327 7317 6997 4118 2264 3911 1413 1359 2126 694 4206 5220 2193 3226 1314 107 3301 1802 1923 8684 5186 1450 4733 4439 5868 5006 656 9859 3791 1349 2647 7471 5018 9644 7941 3634 9907 9355 4993 

the first array is 
2034 6401 9199 7254 4947 2425 8569 1406 2078 6723 3330 762 1909 4780 1848 6348 649 6854 3357 6860 6998 4706 9507 4469 6076 5503 2410 9710 5411 8117 4704 7445 4519 255 1051 5818 9033 5972 7224 7463 2696 554 8226 957 5335 6426 3658 2336 3280 7015 5548 278 8073 5056 4747 4149 559 7158 3859 2322 1627 4915 9767 2498 5171 7171 8316 556 3143 1893 8019 5839 2447 2597 3149 4134 9023 6807 2822 2304 3822 8371 8934 1895 9779 3682 6044 6690 7192 9903 9013 8819 1171 8780 1318 2694 5951 5986 3250 9095 7879 1269 1286 6679 219 4435 7165 9242 1242 9988 7898 1416 4711 6833 3311 4490 515 5707 1180 4059 1963 193 9230 3134 5326 6900 5828 7629 

the first array is 
2887 9078 3076 766 6699 715 3797 6918 1502 963 2513 9097 951 411 513 2014 7244 177 6504 4111 5884 4036 4522 7847 582 3753 981 5908 653 3161 9889 3540 8591 9318 659 1643 33 808 4913 1535 1771 7426 6984 9074 4190 7498 1088 7786 7675 3944 8250 9911 7981 2772 7759 8563 2877 5092 823 3531 4606 7064 3423 3197 6382 434 1192 2767 1243 6106 4303 3014 3532 7639 8441 4074 5137 9529 1861 9164 3474 6463 5428 1455 9235 9539 6370 2113 4631 7193 1996 5589 609 1771 8787 6992 2206 9979 9759 9801 2437 414 2815 2322 8054 1256 6396 9543 7138 4609 5060 612 1072 488 8419 6660 27 1141 5125 1010 4686 7121 6600 5295 8892 1739 2287 7450 8070 8399 7251 508 8813 6419 2830 6867 4027 9226 6411 1165 188 1471 8129 1260 8311 2900 4272 8338 4041 9397 9348 8727 6518 5948 375 1763 4039 2662 9213 2110 1061 6465 2618 6227 9236 5448 3094 3263 1026 5857 4429 7566 3680 8910 8827 8343 1811 9451 6681 5852 8849 2382 932 1719 8330 1307 3482 2370 321 9048 832 7735 1865 3450 3962 1101 5250 3408 4364 2628 5618 5145 195 5650 4056 5374 3994 5867 4825 7027 8071 3674 9409 5355 5394 4092 3014 8876 2814 3336 4276 3646 7423 6141 7096 7737 7242 8698 7497 7959 1326 3115 3104 1521 5118 7160 6895 5464 9379 1721 2491 3803 1747 1901 9158 7141 5993 2173 2370 8807 1861 6646 8805 9284 2788 5901 

the first array is 
7021 6382 4599 4518 4341 2277 3986 3798 3799 5456 7310 694 920 6690 8767 3411 493 515 5312 9651 4008 7657 8176 6378 2816 37 9377 1621 5673 8517 3874 2694 4899 4825 3565 5593 7103 3903 9391 7254 9359 6701 7948 279 9743 3068 42 236 3583 1707 6240 7591 9364 4416 322 8533 806 9699 154 6479 8216 381 5526 9467 5206 5443 1412 8661 9346 7155 5915 5057 209 216 1688 9952 3284 1730 6541 3219 3437 9133 810 9154 9901 7484 7687 707 7183 4193 7187 1751 4574 9065 7571 6133 4508 8983 4794 206 6139 710 1615 6348 926 3303 6300 562 1385 9193 3781 1175 8326 943 329 8228 8428 4368 8935 1963 4913 2474 3715 9488 7891 7638 1973 8751 6621 6767 8957 2760 3829 6924 5460 4755 6579 8113 5317 7965 7306 5450 5492 1985 6394 2173 213 4822 6541 5500 3137 1454 4327 3204 7294 2218 842 5619 970 7464 2387 6279 6576 2568 3204 8389 7324 9783 6502 8993 4100 160 796 9592 2145 7190 1765 2358 8364 4658 4211 1501 2465 8538 4706 6111 756 5548 1731 8078 9364 470 4358 2293 3038 3914 682 6714 3697 7184 2060 4150 3696 2856 3742 5842 46 1860 4552 8410 2870 8763 6263 5335 7301 969 1447 4410 6518 9530 2488 2234 0 3198 4527 3038 7112 5209 9753 7162 8745 1813 1312 2442 1021 1406 8284 1067 9618 2836 5829 2489 7952 2092 4176 5253 9414 1975 6015 2284 1505 4856 4518 7857 4406 9046 896 1519 607 7001 5033 9353 5166 6345 1795 6187 4103 6431 3606 74 5619 5787 2563 3571 4231 6739 5177 3645 5067 1192 5929 6572 2400 448 4430 6807 9494 1678 8326 101 5031 3359 5806 6549 6056 7601 2736 6511 384 2694 6585 6004 4833 5500 9575 9064 8592 4752 2710 3659 2297 8639 231 4697 9087 1013 1504 4933 9043 6182 1387 4074 5893 3545 623 8301 7499 9711 4813 7883 8757 7750 3887 3590 3251 9815 2655 1843 919 5365 1854 3216 356 2085 4266 5796 9451 5770 729 4846 8305 8468 5273 4198 2014 5896 2500 9513 1960 3665 3748 7069 1415 7636 660 1018 3803 9667 9213 4722 1384 1067 4291 1740 9505 8557 7536 8956 4327 4618 3802 2632 9438 5427 3183 7804 1324 5683 7317 9636 9348 1066 6705 7115 5054 3717 8134 8857 3384 7347 9931 4768 4767 4222 2861 4272 2779 6749 3228 3459 7719 3382 2443 7158 8810 5626 4962 6486 7661 8632 2474 3361 6050 5531 477 7456 9249 4963 2665 8985 8662 2596 3754 3429 3171 2967 7701 5950 9716 7281 5761 7436 7016 4557 946 5826 183 5908 8664 7845 892 7490 1206 6942 3021 8035 4398 2270 2998 3415 1256 8013 6012 1362 1442 9183 4329 9144 1485 397 2777 3599 7833 9793 8156 8779 5619 4691 1040 635 2536 1932 8125 95 5227 1147 4482 5977 9769 3833 9393 1025 1846 1757 8739 3288 7292 3068 8784 5129 3466 1562 8728 7651 1355 6884 2783 3327 7928 175 314 464 

the first array is 
8459 8440 6911 3686 5939 7746 6016 5708 1579 5409 3086 3425 3518 1825 3065 810 1246 8202 5939 1064 9764 4668 8715 7471 7904 7850 7150 5832 8025 7465 2649 6485 2257 5912 6523 4548 3658 8891 6608 5237 652 9694 5014 4170 7872 4432 4980 9118 2634 7272 182 8750 1940 5249 6221 6196 3100 9724 8381 7477 3541 7382 314 5798 3294 3190 6698 3305 2081 3306 4894 2734 9353 6261 6904 7225 693 8237 6343 3327 5509 2877 2077 3801 8126 4650 6349 7578 726 4730 1408 4267 8464 1722 6417 8111 4912 3115 1416 3346 2774 2662 6080 2127 8923 9336 9352 9616 7573 2047 9295 9434 1276 1372 3235 5754 2375 9585 3333 3101 667 4741 7369 9132 2815 3786 7243 4080 3254 5011 7426 6028 7673 3506 8155 6597 2842 3859 2565 6768 2258 1861 6202 9886 9585 9438 5640 1960 5375 5325 1414 2394 6418 5135 1526 9234 5273 5121 3314 8527 132 7092 4555 4158 598 9062 7107 9792 9273 9672 2912 7883 7885 9115 7769 7471 4905 3410 5783 6632 8735 3549 9026 5154 8684 553 740 3958 2026 406 2485 8511 7498 3393 2669 4448 8807 6128 592 8081 2152 3505 5964 38 2620 3734 3861 3877 3496 5996 509 8583 9546 5887 89 8230 6440 829 8540 4819 7587 7378 3330 5085 771 2351 9533 5930 8479 126 4011 631 9983 6328 7021 8955 6414 882 2832 9910 6879 9693 8493 6425 5580 4935 1007 8373 5764 9548 3192 3352 6926 2874 4789 4049 5225 675 9979 56 7153 343 687 7136 6671 7709 6091 9437 4943 5275 5699 1822 1320 544 4599 6900 5479 5607 1625 7596 5155 1169 948 8433 4043 2089 8834 5620 2764 8813 5676 6269 5508 2716 3405 8531 6777 5848 7968 1720 1123 3667 3543 2443 4212 8142 5696 9691 101 3673 7287 5256 4843 4587 41 5238 3029 8875 859 5793 4041 2887 2063 9549 5603 1820 8081 2380 7669 2401 453 5144 6069 3996 3940 6633 8490 9636 2676 8592 3309 6316 200 4504 903 242 9743 3932 5469 602 6078 9510 9841 4493 9060 5445 2665 3493 4177 334 5894 4630 1831 8315 4978 5771 1300 9821 1759 3977 4765 1420 293 4965 5925 7548 1559 5668 7833 7029 2622 263 2891 2463 1108 1951 4260 3773 1796 4790 460 4043 9420 2291 8710 751 8062 11 572 6173 340 1689 7593 633 6654 3518 4533 4566 5538 2366 7947 4512 8981 838 3328 89 2790 7588 215 938 8730 675 4981 8151 9318 3692 5254 3732 55 2178 9905 395 3867 7498 7380 521 7369 1913 1439 2907 632 9386 3772 9613 225 7100 6055 9367 1040 6270 305 9771 6945 1639 4274 2615 5331 9528 6347 1738 1706 6252 2133 5573 102 9513 2446 7471 7778 238 6731 8410 9624 503 4376 6201 7603 431 5568 4995 3053 2226 4766 6350 3865 9040 8965 5548 8568 5312 7286 6626 7916 5771 8551 8018 5284 7350 5490 9414 7588 8573 4177 3564 9076 8553 9766 3031 5336 5334 8026 4741 3912 2793 1091 7777 8185 56 3325 3106 1720 6963 9732 9636 2734 4636 4006 4370 1986 5848 137 5926 4421 4314 9490 3497 2867 9256 2880 4555 943 7259 9296 4855 52 6739 8985 4589 6795 8662 7695 4867 5626 7428 855 4712 2064 4861 5435 402 710 5572 6328 5131 9886 2170 4981 9105 7779 4213 3660 8722 1472 9308 9929 7876 6047 5266 2466 9194 3929 161 4061 9555 3941 1268 619 2357 6129 6054 2759 6839 1626 5439 8323 1512 7610 9656 617 5389 3869 629 463 5342 6289 392 3218 2336 5659 5684 7882 5940 2198 8295 5495 6139 9563 2466 8497 2045 8521 7608 5236 147 3048 3559 8012 658 3215 4981 6047 3437 5611 6510 8779 8252 3254 1997 6941 5265 4034 4823 1205 6232 9471 3052 8723 9034 5519 3572 1079 4040 1181 2668 539 581 6227 4903 1239 5795 9885 7286 5584 1848 148 4363 100 3402 2712 7041 8668 6746 8217 6225 9330 7688 9278 4406 3074 4797 7978 506 5189 5511 3174 2080 6092 5753 6984 3683 1548 3221 7321 7132 5069 7469 7847 5169 7224 560 8563 2244 3658 6780 8469 9341 820 7747 3747 3894 8896 8077 4400 437 9941 7574 8870 2385 3328 5854 6069 1228 9075 3390 4713 496 860 8912 2017 4436 9472 580 6680 9483 3712 1501 8824 884 5601 8923 1131 4497 3352 5531 1287 9645 9458 157 2031 9138 2363 8100 6718 7790 1490 7783 8286 8702 6696 303 3138 6168 7236 6170 2003 7300 7672 7179 8185 3273 2454 9316 4122 2159 1199 1761 1804 7009 1918 3835 6147 4281 8287 9218 2071 6130 7001 6709 1184 3697 3365 4323 6218 601 6845 8221 4253 4517 1753 8790 4142 4207 4458 4617 6366 5658 6378 4523 9019 4649 4710 1519 8930 2998 737 7354 5480 7738 415 6664 7788 3780 7339 4006 4381 4185 8579 4987 5054 6684 3777 5549 892 8236 166 3610 246 2896 4485 9265 7545 9196 7136 2828 8546 7873 6534 4026 1964 6949 7042 9752 730 4382 110 1463 4919 5041 2802 9973 1726 6580 1874 8970 1168 8392 8932 1414 1289 3418 7031 5186 2614 4168 8014 7512 8393 900 7890 357 7850 4932 6461 4932 9314 6571 2747 585 7965 5550 559 9691 8482 8785 5013 9650 7178 3945 7416 4819 7363 799 5 6329 4967 4372 3841 9713 5272 1731 70 9474 3016 2884 758 2330 5807 3506 2916 3772 5408 9827 9815 3890 4964 4828 9892 2142 8774 7308 6961 2489 8107 3319 8819 9427 7691 9012 9140 9315 744 5562 8790 3760 4798 5900 2442 606 5758 1710 4378 1166 7889 546 1408 2854 5374 1300 4996 500 8608 8310 2990 3068 1629 1809 8847 5672 821 7987 4987 7917 9901 129 8029 4700 6030 6824 1658 1788 8534 2388 9307 6424 2934 715 5630 4661 8368 626 5161 3328 5288 8151 6396 6917 6312 5243 8941 3486 9582 3929 7755 5836 410 2137 536 2792 8961 8546 933 7495 934 240 271 3869 7307 5901 8530 2027 2880 3691 5356 8168 

