the first array is 
3199 9472 

the first array is 
1299 1482 3253 7226 

the first array is 
232 1769 4882 5197 7487 7746 7845 8772 

the first array is 
640 853 1158 1971 2149 2871 4414 4600 4743 5678 7180 7326 7457 8117 8330 9445 

the first array is 
1 63 191 561 562 746 1055 1300 2190 2218 2604 3221 3902 4152 4475 4864 4891 4947 5634 5869 6092 6173 6624 6648 6791 6964 7018 7400 7711 7795 7871 8527 

the first array is 
75 107 488 656 692 694 943 1314 1349 1359 1413 1450 1499 1562 1802 1923 2126 2193 2264 2647 2742 2929 3175 3226 3301 3634 3791 3911 3921 3991 4118 4206 4418 4439 4733 4993 5006 5018 5186 5220 5464 5868 6049 6217 6435 6495 6742 6997 7031 7317 7327 7471 7941 8215 8684 8785 9020 9031 9253 9355 9644 9742 9859 9907 

the first array is 
193 219 255 278 515 554 556 559 649 762 957 1051 1171 1180 1242 1269 1286 1318 1406 1416 1627 1848 1893 1895 1909 1963 2034 2078 2304 2322 2336 2410 2425 2447 2498 2597 2694 2696 2822 3134 3143 3149 3250 3280 3311 3330 3357 3658 3682 3822 3859 4059 4134 4149 4435 4469 4490 4519 4704 4706 4711 4747 4780 4915 4947 5056 5171 5326 5335 5411 5503 5548 5707 5818 5828 5839 5951 5972 5986 6044 6076 6348 6401 6426 6679 6690 6723 6807 6833 6854 6860 6900 6998 7015 7158 7165 7171 7192 7224 7254 7445 7463 7629 7879 7898 8019 8073 8117 8226 8316 8371 8569 8780 8819 8934 9013 9023 9033 9095 9199 9230 9242 9507 9710 9767 9779 9903 9988 

the first array is 
27 33 177 188 195 321 375 411 414 434 488 508 513 582 609 612 653 659 715 766 808 823 832 932 951 963 981 1010 1026 1061 1072 1088 1101 1141 1165 1192 1243 1256 1260 1307 1326 1455 1471 1502 1521 1535 1643 1719 1721 1739 1747 1763 1771 1771 1811 1861 1861 1865 1901 1996 2014 2110 2113 2173 2206 2287 2322 2370 2370 2382 2437 2491 2513 2618 2628 2662 2767 2772 2788 2814 2815 2830 2877 2887 2900 3014 3014 3076 3094 3104 3115 3161 3197 3263 3336 3408 3423 3450 3474 3482 3531 3532 3540 3646 3674 3680 3753 3797 3803 3944 3962 3994 4027 4036 4039 4041 4056 4074 4092 4111 4190 4272 4276 4303 4364 4429 4522 4606 4609 4631 4686 4825 4913 5060 5092 5118 5125 5137 5145 5250 5295 5355 5374 5394 5428 5448 5464 5589 5618 5650 5852 5857 5867 5884 5901 5908 5948 5993 6106 6141 6227 6370 6382 6396 6411 6419 6463 6465 6504 6518 6600 6646 6660 6681 6699 6867 6895 6918 6984 6992 7027 7064 7096 7121 7138 7141 7160 7193 7242 7244 7251 7423 7426 7450 7497 7498 7566 7639 7675 7735 7737 7759 7786 7847 7959 7981 8054 8070 8071 8129 8250 8311 8330 8338 8343 8399 8419 8441 8563 8591 8698 8727 8787 8805 8807 8813 8827 8849 8876 8892 8910 9048 9074 9078 9097 9158 9164 9213 9226 9235 9236 9284 9318 9348 9379 9397 9409 9451 9529 9539 9543 9759 9801 9889 9911 9979 

the first array is 
0 37 42 46 74 95 101 154 160 175 183 206 209 213 216 231 236 279 314 322 329 356 381 384 397 448 464 470 477 493 515 562 607 623 635 660 682 694 707 710 729 756 796 806 810 842 892 896 919 920 926 943 946 969 970 1013 1018 1021 1025 1040 1066 1067 1067 1147 1175 1192 1206 1256 1312 1324 1355 1362 1384 1385 1387 1406 1412 1415 1442 1447 1454 1485 1501 1504 1505 1519 1562 1615 1621 1678 1688 1707 1730 1731 1740 1751 1757 1765 1795 1813 1843 1846 1854 1860 1932 1960 1963 1973 1975 1985 2014 2060 2085 2092 2145 2173 2218 2234 2270 2277 2284 2293 2297 2358 2387 2400 2442 2443 2465 2474 2474 2488 2489 2500 2536 2563 2568 2596 2632 2655 2665 2694 2694 2710 2736 2760 2777 2779 2783 2816 2836 2856 2861 2870 2967 2998 3021 3038 3038 3068 3068 3137 3171 3183 3198 3204 3204 3216 3219 3228 3251 3284 3288 3303 3327 3359 3361 3382 3384 3411 3415 3429 3437 3459 3466 3545 3565 3571 3583 3590 3599 3606 3645 3659 3665 3696 3697 3715 3717 3742 3748 3754 3781 3798 3799 3802 3803 3829 3833 3874 3887 3903 3914 3986 4008 4074 4100 4103 4150 4176 4193 4198 4211 4222 4231 4266 4272 4291 4327 4327 4329 4341 4358 4368 4398 4406 4410 4416 4430 4482 4508 4518 4518 4527 4552 4557 4574 4599 4618 4658 4691 4697 4706 4722 4752 4755 4767 4768 4794 4813 4822 4825 4833 4846 4856 4899 4913 4933 4962 4963 5031 5033 5054 5057 5067 5129 5166 5177 5206 5209 5227 5253 5273 5312 5317 5335 5365 5427 5443 5450 5456 5460 5492 5500 5500 5526 5531 5548 5593 5619 5619 5619 5626 5673 5683 5761 5770 5787 5796 5806 5826 5829 5842 5893 5896 5908 5915 5929 5950 5977 6004 6012 6015 6050 6056 6111 6133 6139 6182 6187 6240 6263 6279 6300 6345 6348 6378 6382 6394 6431 6479 6486 6502 6511 6518 6541 6541 6549 6572 6576 6579 6585 6621 6690 6701 6705 6714 6739 6749 6767 6807 6884 6924 6942 7001 7016 7021 7069 7103 7112 7115 7155 7158 7162 7183 7184 7187 7190 7254 7281 7292 7294 7301 7306 7310 7317 7324 7347 7436 7456 7464 7484 7490 7499 7536 7571 7591 7601 7636 7638 7651 7657 7661 7687 7701 7719 7750 7804 7833 7845 7857 7883 7891 7928 7948 7952 7965 8013 8035 8078 8113 8125 8134 8156 8176 8216 8228 8284 8301 8305 8326 8326 8364 8389 8410 8428 8468 8517 8533 8538 8557 8592 8632 8639 8661 8662 8664 8728 8739 8745 8751 8757 8763 8767 8779 8784 8810 8857 8935 8956 8957 8983 8985 8993 9043 9046 9064 9065 9087 9133 9144 9154 9183 9193 9213 9249 9346 9348 9353 9359 9364 9364 9377 9391 9393 9414 9438 9451 9467 9488 9494 9505 9513 9530 9575 9592 9618 9636 9651 9667 9699 9711 9716 9743 9753 9769 9783 9793 9815 9901 9931 9952 

the first array is 
5 11 38 41 52 55 56 56 70 89 89 100 101 102 110 126 129 132 137 147 148 157 161 166 182 200 215 225 238 240 242 246 263 271 293 303 305 314 334 340 343 357 392 395 402 406 410 415 431 437 453 460 463 496 500 503 506 509 521 536 539 544 546 553 559 560 572 580 581 585 592 598 601 602 606 617 619 626 629 631 632 633 652 658 667 675 675 687 693 710 715 726 730 737 740 744 751 758 771 799 810 820 821 829 838 855 859 860 882 884 892 900 903 933 934 938 943 948 1007 1040 1064 1079 1091 1108 1123 1131 1166 1168 1169 1181 1184 1199 1205 1228 1239 1246 1268 1276 1287 1289 1300 1300 1320 1372 1408 1408 1414 1414 1416 1420 1439 1463 1472 1490 1501 1512 1519 1526 1548 1559 1579 1625 1626 1629 1639 1658 1689 1706 1710 1720 1720 1722 1726 1731 1738 1753 1759 1761 1788 1796 1804 1809 1820 1822 1825 1831 1848 1861 1874 1913 1918 1940 1951 1960 1964 1986 1997 2003 2017 2026 2027 2031 2045 2047 2063 2064 2071 2077 2080 2081 2089 2127 2133 2137 2142 2152 2159 2170 2178 2198 2226 2244 2257 2258 2291 2330 2336 2351 2357 2363 2366 2375 2380 2385 2388 2394 2401 2442 2443 2446 2454 2463 2466 2466 2485 2489 2565 2614 2615 2620 2622 2634 2649 2662 2665 2668 2669 2676 2712 2716 2734 2734 2747 2759 2764 2774 2790 2792 2793 2802 2815 2828 2832 2842 2854 2867 2874 2877 2880 2880 2884 2887 2891 2896 2907 2912 2916 2934 2990 2998 3016 3029 3031 3048 3052 3053 3065 3068 3074 3086 3100 3101 3106 3115 3138 3174 3190 3192 3215 3218 3221 3235 3254 3254 3273 3294 3305 3306 3309 3314 3319 3325 3327 3328 3328 3328 3330 3333 3346 3352 3352 3365 3390 3393 3402 3405 3410 3418 3425 3437 3486 3493 3496 3497 3505 3506 3506 3518 3518 3541 3543 3549 3559 3564 3572 3610 3658 3658 3660 3667 3673 3683 3686 3691 3692 3697 3712 3732 3734 3747 3760 3772 3772 3773 3777 3780 3786 3801 3835 3841 3859 3861 3865 3867 3869 3869 3877 3890 3894 3912 3929 3929 3932 3940 3941 3945 3958 3977 3996 4006 4006 4011 4026 4034 4040 4041 4043 4043 4049 4061 4080 4122 4142 4158 4168 4170 4177 4177 4185 4207 4212 4213 4253 4260 4267 4274 4281 4314 4323 4363 4370 4372 4376 4378 4381 4382 4400 4406 4421 4432 4436 4448 4458 4485 4493 4497 4504 4512 4517 4523 4533 4548 4555 4555 4566 4587 4589 4599 4617 4630 4636 4649 4650 4661 4668 4700 4710 4712 4713 4730 4741 4741 4765 4766 4789 4790 4797 4798 4819 4819 4823 4828 4843 4855 4861 4867 4894 4903 4905 4912 4919 4932 4932 4935 4943 4964 4965 4967 4978 4980 4981 4981 4981 4987 4987 4995 4996 5011 5013 5014 5041 5054 5069 5085 5121 5131 5135 5144 5154 5155 5161 5169 5186 5189 5225 5236 5237 5238 5243 5249 5254 5256 5265 5266 5272 5273 5275 5284 5288 5312 5325 5331 5334 5336 5342 5356 5374 5375 5389 5408 5409 5435 5439 5445 5469 5479 5480 5490 5495 5508 5509 5511 5519 5531 5538 5548 5549 5550 5562 5568 5572 5573 5580 5584 5601 5603 5607 5611 5620 5626 5630 5640 5658 5659 5668 5672 5676 5684 5696 5699 5708 5753 5754 5758 5764 5771 5771 5783 5793 5795 5798 5807 5832 5836 5848 5848 5854 5887 5894 5900 5901 5912 5925 5926 5930 5939 5939 5940 5964 5996 6016 6028 6030 6047 6047 6054 6055 6069 6069 6078 6080 6091 6092 6128 6129 6130 6139 6147 6168 6170 6173 6196 6201 6202 6218 6221 6225 6227 6232 6252 6261 6269 6270 6289 6312 6316 6328 6328 6329 6343 6347 6349 6350 6366 6378 6396 6414 6417 6418 6424 6425 6440 6461 6485 6510 6523 6534 6571 6580 6597 6608 6626 6632 6633 6654 6664 6671 6680 6684 6696 6698 6709 6718 6731 6739 6746 6768 6777 6780 6795 6824 6839 6845 6879 6900 6904 6911 6917 6926 6941 6945 6949 6961 6963 6984 7001 7009 7021 7029 7031 7041 7042 7092 7100 7107 7132 7136 7136 7150 7153 7178 7179 7224 7225 7236 7243 7259 7272 7286 7286 7287 7300 7307 7308 7321 7339 7350 7354 7363 7369 7369 7378 7380 7382 7416 7426 7428 7465 7469 7471 7471 7471 7477 7495 7498 7498 7512 7545 7548 7573 7574 7578 7587 7588 7588 7593 7596 7603 7608 7610 7669 7672 7673 7688 7691 7695 7709 7738 7746 7747 7755 7769 7777 7778 7779 7783 7788 7790 7833 7847 7850 7850 7872 7873 7876 7882 7883 7885 7889 7890 7904 7916 7917 7947 7965 7968 7978 7987 8012 8014 8018 8025 8026 8029 8062 8077 8081 8081 8100 8107 8111 8126 8142 8151 8151 8155 8168 8185 8185 8202 8217 8221 8230 8236 8237 8252 8286 8287 8295 8310 8315 8323 8368 8373 8381 8392 8393 8410 8433 8440 8459 8464 8469 8479 8482 8490 8493 8497 8511 8521 8527 8530 8531 8534 8540 8546 8546 8551 8553 8563 8568 8573 8579 8583 8592 8608 8662 8668 8684 8702 8710 8715 8722 8723 8730 8735 8750 8774 8779 8785 8790 8790 8807 8813 8819 8824 8834 8847 8870 8875 8891 8896 8912 8923 8923 8930 8932 8941 8955 8961 8965 8970 8981 8985 9012 9019 9026 9034 9040 9060 9062 9075 9076 9105 9115 9118 9132 9138 9140 9194 9196 9218 9234 9256 9265 9273 9278 9295 9296 9307 9308 9314 9315 9316 9318 9330 9336 9341 9352 9353 9367 9386 9414 9420 9427 9434 9437 9438 9458 9471 9472 9474 9483 9490 9510 9513 9528 9533 9546 9548 9549 9555 9563 9582 9585 9585 9613 9616 9624 9636 9636 9645 9650 9656 9672 9691 9691 9693 9694 9713 9724 9732 9743 9752 9764 9766 9771 9792 9815 9821 9827 9841 9885 9886 9886 9892 9901 9905 9910 9929 9941 9973 9979 9983 

