
the 1st array is
0 0 0 0 0 0 4113 0 1701344266 1953706272 
the 1st array is
118 0 0 0 0 0 125265 0 0 0 
the 1st array is
536 887 0 0 0 0 125233 0 0 0 
the 1st array is
989 299 701 0 0 0 125201 0 0 0 
the 1st array is
749 172 192 381 0 0 125169 0 0 0 
the 1st array is
997 108 101 674 194 0 125137 0 0 0 
the 1st array is
491 908 714 411 827 0 125105 0 0 0 
the 1st array is
323 584 410 879 309 487 919 0 0 0 
the 1st array is
381 940 832 851 476 71 841 127 0 0 
the 1st array is
772 590 299 317 323 296 777 776 322 0 
the 1st array is
323 619 230 37 31 409 389 354 994 151 
the 1st array is
585 303 991 505 684 931 689 887 759 760 
the 1st array is
886 884 670 537 553 345 185 330 122 859 
the 1st array is
89 42 124 850 784 830 844 287 416 499 
the 1st array is
209 610 423 968 722 151 206 958 174 743 
the 1st array is
993 139 200 87 580 594 563 431 730 394 
the 1st array is
435 14 858 397 789 178 119 941 385 77 
the 1st array is
332 900 688 771 481 634 334 264 717 80 
the 1st array is
241 426 526 772 897 819 157 327 286 637 
the 1st array is
484 431 414 100 500 847 343 235 441 66 
the 1st array is
493 474 843 482 94 468 233 851 777 236 
the 1st array is
616 285 488 439 440 52 689 474 740 188 
the 1st array is
959 34 960 741 10 132 672 833 0 189 
the 1st array is
836 809 826 296 504 126 608 977 15 567 
the 1st array is
527 337 234 431 862 56 366 621 244 528 
the 1st array is
655 540 935 15 989 190 967 517 879 202 
the 1st array is
665 296 693 763 24 754 418 916 41 785 
the 1st array is
522 121 569 550 86 587 846 780 350 222 
the 1st array is
444 352 640 72 874 762 642 776 200 229 
the 1st array is
651 309 698 447 661 690 520 887 452 514 
the 1st array is
372 444 760 681 494 207 342 536 79 581 