
elements are:
18 81 23 9 95 65 48 16 95 92 29 54 48 33 49 96 95 58 54 67 23 62 38 21 31 18 30 77 60 2 
sum =1487

elements are:
16 78 35 39 39 83 56 39 51 3 31 80 58 31 65 7 27 60 17 34 27 93 96 18 14 80 36 44 57 96 99 25 26 86 65 17 21 73 56 72 
sum =1950

elements are:
77 39 52 87 70 69 94 50 30 63 84 9 56 80 27 71 12 16 67 21 64 18 47 91 5 64 60 26 37 69 51 14 8 55 53 31 25 47 81 55 63 17 16 19 49 96 42 62 12 10 
sum =2361

elements are:
83 76 80 82 19 85 46 32 64 84 1 67 50 61 22 4 92 47 3 25 54 66 42 71 38 92 67 80 6 31 90 41 59 71 24 79 8 70 63 24 6 64 91 9 25 14 65 70 13 68 47 68 87 42 39 25 34 58 5 92 
sum =3021

elements are:
41 48 33 0 71 9 31 31 80 94 56 38 58 99 47 36 65 64 58 79 33 5 47 72 47 38 49 33 48 54 25 89 54 11 41 25 20 73 9 52 19 65 91 30 16 90 66 82 55 76 13 40 81 60 64 81 50 13 14 98 19 92 39 74 3 80 51 75 5 60 
sum =3465

elements are:
28 25 77 71 7 46 13 73 80 20 1 93 12 82 5 76 63 55 41 30 5 61 22 44 87 77 76 90 52 34 3 32 59 32 55 66 78 69 91 58 41 92 3 54 26 8 82 90 63 24 72 20 85 94 16 24 23 93 14 75 27 17 60 38 50 15 56 80 84 99 91 78 43 94 32 69 3 14 11 18 
sum =3967

elements are:
38 83 39 75 29 55 99 52 0 14 80 79 83 40 69 85 7 25 66 44 76 57 22 19 51 54 89 54 20 52 25 59 36 64 34 17 71 86 70 72 0 2 3 35 94 73 21 1 50 87 45 27 96 19 46 47 73 87 54 46 40 79 5 28 95 91 45 66 77 15 90 29 17 46 17 11 19 38 65 69 77 62 48 73 82 47 72 7 34 78 
sum =4518

elements are:
53 74 9 10 2 4 2 48 23 31 15 13 13 85 11 30 48 30 20 13 52 97 76 52 22 58 99 94 65 34 25 71 8 34 81 63 39 35 63 14 19 78 79 84 63 91 66 12 21 86 77 25 35 53 78 57 63 77 3 81 11 28 52 72 15 85 87 6 21 50 20 92 80 99 76 44 90 42 8 64 80 85 89 67 91 19 76 54 49 79 35 12 60 87 36 27 73 23 33 46 
sum =4927

elements are:
25 53 38 6 52 66 2 95 8 62 11 40 99 0 7 90 72 83 45 21 14 32 33 26 20 70 53 45 45 86 43 71 39 33 29 44 99 31 91 7 45 2 99 44 54 6 35 26 41 80 99 55 64 33 82 36 55 35 81 0 74 76 23 13 9 52 9 8 35 0 67 80 54 18 25 9 76 12 87 17 44 87 25 8 72 7 45 79 94 78 31 68 55 55 34 16 59 95 77 47 48 44 27 2 15 4 63 91 68 51 
sum =4991

elements are:
9 12 90 34 21 14 93 66 45 87 96 76 8 3 83 94 20 95 89 97 42 37 93 21 92 8 78 55 0 46 58 61 59 0 95 32 66 88 98 11 27 46 40 87 50 75 81 70 70 23 19 64 12 12 86 4 73 64 12 25 10 22 86 21 75 81 53 93 21 3 57 0 50 97 88 0 24 21 22 47 96 41 11 9 53 49 65 78 13 77 3 76 52 89 97 79 22 3 72 95 6 29 96 56 78 36 8 3 9 30 50 6 71 13 15 77 63 80 55 28 
sum =5872

elements are:
10 59 4 14 0 54 93 23 57 17 18 15 47 66 72 25 2 32 80 64 63 30 70 86 44 37 63 7 69 71 87 31 82 92 45 82 98 90 5 7 8 76 22 7 42 46 32 97 79 13 61 94 95 83 80 91 20 96 50 41 67 38 73 49 82 70 83 80 13 41 39 21 17 13 80 11 60 64 60 91 29 21 85 25 56 17 68 28 13 19 70 32 57 95 33 91 65 69 23 30 10 62 3 79 75 83 90 87 48 51 30 77 24 67 54 33 85 23 61 50 94 83 35 3 78 68 94 96 37 17 
sum =6719

elements are:
26 99 31 30 78 58 65 21 46 13 72 76 43 48 96 97 81 81 72 95 83 66 78 18 69 9 39 15 57 28 32 83 28 15 65 6 74 31 27 72 96 51 0 39 52 96 89 85 77 61 80 13 80 11 31 49 20 22 17 29 51 49 64 79 17 30 37 91 13 17 63 61 68 63 53 72 60 42 58 89 55 90 54 35 1 38 37 73 60 54 2 11 55 67 90 72 49 80 15 14 97 30 75 17 94 80 90 6 22 0 47 30 90 2 17 44 92 54 69 52 60 24 64 68 43 6 92 92 86 8 58 35 38 85 53 84 66 43 42 40 
sum =7245

elements are:
95 90 70 85 44 88 29 88 94 51 40 55 75 56 75 18 63 67 62 1 27 20 37 66 5 42 2 23 37 45 64 32 87 86 17 83 74 99 71 69 50 11 76 77 68 3 95 83 70 57 36 98 29 25 16 86 67 18 10 4 15 26 36 54 12 6 37 39 57 60 8 59 72 36 36 92 39 31 27 61 40 63 59 69 41 27 7 8 98 17 65 13 95 1 68 8 59 57 47 16 18 7 27 42 95 63 86 34 46 13 95 38 28 7 7 69 86 15 78 84 84 95 50 80 96 18 40 8 27 87 76 45 46 4 87 41 19 25 27 66 38 22 4 67 81 64 88 68 31 66 
sum =7360

elements are:
52 67 61 54 99 10 24 39 70 52 78 46 49 24 2 89 17 22 14 44 40 53 19 96 72 0 12 60 20 43 79 25 11 92 79 62 54 4 2 24 8 32 23 57 9 77 46 26 51 61 71 91 66 90 40 38 42 52 50 63 96 29 88 59 22 19 73 28 23 75 53 83 60 28 41 69 5 87 95 9 0 18 52 66 60 92 56 3 45 7 18 93 36 58 4 10 77 77 91 53 5 44 36 65 24 29 34 81 17 81 90 69 0 43 36 12 87 92 15 84 51 85 77 40 95 33 2 25 11 93 78 68 89 66 33 13 96 19 47 65 52 89 34 4 84 22 17 72 67 84 56 18 70 86 10 65 19 13 90 82 
sum =7775

elements are:
6 20 50 96 39 35 61 87 6 8 4 59 50 90 63 34 13 32 6 32 17 15 2 39 1 13 56 20 78 99 55 84 71 57 32 62 93 46 49 51 6 5 10 56 96 26 91 61 58 97 93 27 12 95 18 65 60 75 86 38 26 93 75 97 50 7 60 43 53 61 95 60 67 57 68 63 35 59 76 46 57 69 73 21 16 44 87 29 71 25 67 97 70 42 46 20 2 58 16 7 20 63 19 39 20 88 54 8 47 30 54 56 51 79 30 67 23 69 96 94 46 16 43 16 10 90 36 12 48 52 20 20 15 91 59 88 79 65 48 79 95 2 35 46 33 17 66 9 86 14 3 32 30 99 48 93 89 37 5 37 89 77 10 57 69 69 97 0 35 45 
sum =8278

elements are:
79 82 47 67 81 32 84 99 41 71 13 97 55 96 96 56 89 85 93 46 74 82 24 84 91 45 6 88 45 93 33 77 27 32 44 8 65 80 59 6 3 25 55 59 21 51 15 62 36 8 60 63 42 84 99 34 81 57 74 79 50 60 56 30 92 52 90 9 84 50 68 88 75 23 99 48 75 66 10 63 26 70 26 20 7 78 6 40 35 81 19 38 41 27 68 33 79 58 95 64 60 63 4 35 86 3 83 61 21 45 77 47 68 55 67 27 33 26 67 69 7 87 59 48 66 27 33 46 37 80 62 50 43 18 85 30 73 21 43 94 18 20 93 38 76 12 65 61 38 85 82 45 24 41 45 90 20 31 36 10 11 50 60 55 68 97 37 41 70 32 87 41 5 80 79 33 93 97 94 31 
sum =9676

elements are:
82 77 29 6 70 74 48 91 57 37 53 69 87 65 76 8 62 13 1 85 45 89 26 2 69 57 35 62 54 30 46 88 59 75 46 29 1 95 72 59 32 77 80 71 42 56 31 5 69 33 42 66 22 68 21 43 25 56 58 32 38 4 72 97 31 19 79 84 66 3 43 50 81 23 21 75 79 53 32 0 38 74 19 60 42 40 55 20 96 13 4 87 69 76 84 0 95 15 85 13 19 80 63 52 56 85 27 87 90 60 88 28 86 59 40 29 51 47 1 99 61 5 86 30 33 71 83 81 38 20 94 9 52 58 61 8 43 41 96 85 53 36 65 39 47 57 20 98 4 21 97 65 78 84 48 64 7 83 45 45 55 39 55 7 97 68 68 92 9 16 77 14 52 94 54 99 51 74 49 56 48 46 73 78 30 73 42 89 56 87 
sum =9999

elements are:
35 63 79 42 71 76 10 91 69 72 7 98 86 11 93 40 10 44 67 59 52 67 57 26 97 40 99 92 29 8 79 64 71 10 6 94 87 69 37 8 41 44 6 27 55 99 20 17 44 87 28 96 6 86 74 3 26 26 95 55 86 27 72 9 37 30 56 76 99 93 84 40 38 91 68 45 42 40 63 86 27 43 35 85 29 61 40 7 87 88 15 73 15 39 35 4 69 91 33 21 84 17 13 74 60 33 20 3 73 35 41 52 78 28 37 60 90 78 19 29 66 86 55 33 25 90 89 47 81 22 68 65 40 81 92 0 15 12 55 88 99 97 41 29 25 30 41 15 60 61 97 26 99 52 11 25 42 1 72 75 23 92 92 15 73 84 68 40 48 23 81 99 20 74 29 98 56 22 65 17 35 62 43 35 66 55 60 8 8 84 35 31 76 28 47 1 12 67 42 13 
sum =10188

elements are:
90 75 12 63 1 93 13 57 16 78 74 51 93 70 86 59 77 98 20 85 82 55 16 58 35 15 60 0 82 54 13 25 81 25 40 82 71 53 91 87 83 66 90 76 36 77 88 13 75 60 98 10 15 66 68 3 34 80 3 68 34 16 93 67 93 85 49 16 38 41 3 22 59 94 50 47 23 90 60 50 50 10 60 18 28 29 21 62 9 76 31 96 92 76 63 37 62 65 54 52 58 9 26 69 55 77 16 78 19 28 29 70 90 89 40 18 70 13 33 32 89 16 80 33 92 95 22 6 60 76 59 70 38 85 39 93 14 55 72 34 35 53 56 25 94 96 44 65 9 29 97 50 45 29 83 37 24 5 96 37 34 55 7 72 40 99 17 55 6 41 41 42 94 97 67 89 45 63 6 6 92 55 56 89 84 39 27 8 96 75 45 30 30 5 54 70 4 72 77 62 13 70 4 8 67 24 49 64 39 55 
sum =10861

elements are:
70 32 10 78 21 94 17 0 54 14 75 0 96 57 5 51 80 61 23 57 23 36 80 80 96 47 4 45 64 43 52 34 27 14 13 1 8 82 53 15 48 81 15 45 38 72 96 18 85 71 28 60 7 8 40 56 7 44 1 71 40 6 58 67 20 71 68 81 5 74 96 54 55 63 51 93 87 47 12 72 70 92 32 77 0 25 33 7 69 87 79 61 93 37 29 65 60 49 46 17 23 94 71 30 57 74 24 44 73 88 68 43 80 53 21 80 78 6 39 99 45 70 61 90 59 42 56 71 43 54 89 67 49 12 49 58 87 73 55 60 61 23 4 93 28 77 25 58 35 65 58 33 87 71 23 47 13 31 18 56 38 7 75 87 72 25 45 59 50 0 71 12 76 75 5 56 4 31 15 92 48 73 25 35 44 0 34 9 84 53 65 22 12 93 9 84 70 6 95 20 59 67 32 87 94 90 43 51 73 58 43 73 83 20 8 27 20 43 36 4 
sum =10779

elements are:
48 54 78 12 99 87 49 69 46 44 89 57 63 74 44 58 16 87 61 41 98 4 14 81 76 74 61 48 69 97 5 69 3 83 82 2 23 31 23 69 27 13 26 91 39 22 1 55 61 62 48 59 18 62 93 46 88 54 94 10 3 99 79 7 83 13 61 6 44 37 27 24 2 5 67 41 27 68 48 40 82 96 52 52 10 45 98 50 99 92 60 2 92 92 61 27 5 75 33 2 12 12 26 66 17 93 7 96 13 7 36 95 55 88 47 17 33 45 67 84 89 80 39 33 72 52 60 29 27 45 31 91 57 9 57 74 54 16 22 67 23 59 14 30 99 13 47 33 10 15 69 0 47 8 33 19 13 46 48 40 91 32 84 1 41 93 75 96 62 98 15 37 9 30 68 8 95 15 93 6 30 63 6 29 23 91 48 36 37 49 29 81 33 65 82 26 10 57 74 72 7 90 10 68 72 78 77 67 93 22 73 76 37 31 57 61 23 58 49 12 59 30 93 92 47 75 18 58 85 93 
sum =11350

elements are:
82 44 35 44 13 7 22 42 26 68 64 0 96 2 83 53 15 58 63 16 71 22 99 64 14 46 40 85 56 77 30 39 21 65 35 34 24 58 76 50 78 93 2 26 95 38 31 10 96 95 78 67 17 77 84 84 24 76 69 32 53 51 23 74 68 59 61 92 17 89 94 47 82 49 25 77 87 56 39 83 3 18 3 21 95 87 57 71 63 78 4 16 29 27 42 97 86 3 41 55 45 87 54 27 36 79 5 75 88 96 11 91 14 14 12 62 1 21 33 16 99 89 84 28 17 78 77 55 34 18 63 79 6 17 6 94 97 63 70 85 60 81 28 26 47 41 88 0 14 74 16 14 63 52 42 32 30 20 40 64 90 3 43 48 20 2 43 69 65 65 6 77 98 35 4 45 28 44 45 42 70 13 56 86 65 51 18 47 23 58 12 13 13 7 14 34 9 57 55 75 22 62 52 72 97 8 17 77 53 62 19 75 27 28 61 92 79 80 39 2 90 3 67 56 11 81 90 20 90 97 47 64 59 52 36 8 60 5 85 65 
sum =11749

elements are:
19 57 41 46 85 54 90 16 34 82 70 77 85 37 33 48 71 75 21 13 72 68 78 84 72 66 44 33 72 82 50 91 39 43 38 76 98 80 92 84 62 62 13 0 51 98 48 74 73 69 88 98 90 18 34 62 84 78 47 8 60 50 0 51 93 90 79 43 70 71 28 85 85 93 85 37 92 85 11 17 7 51 15 97 69 1 11 6 32 59 66 44 9 66 96 54 8 75 98 31 99 78 68 36 71 53 25 63 90 89 33 97 40 0 46 62 2 58 68 34 69 34 78 30 53 26 84 13 54 34 96 5 12 64 41 36 69 67 51 60 56 84 9 96 85 56 10 39 14 78 73 83 65 51 13 70 30 49 83 84 36 32 89 0 96 30 36 66 49 40 78 5 24 87 54 61 43 64 0 9 95 25 92 60 29 57 82 59 59 17 43 95 49 84 95 46 66 84 64 16 24 42 73 0 29 27 62 25 92 14 34 87 40 79 99 69 88 33 80 99 50 23 94 0 59 42 98 25 26 62 93 2 56 67 2 37 94 16 62 38 83 49 77 75 80 28 44 68 61 24 
sum =13656

elements are:
68 12 99 14 64 58 56 62 35 34 76 29 88 84 96 43 21 42 11 36 81 94 37 58 69 17 87 65 85 0 41 5 12 92 72 76 2 80 90 38 15 18 19 55 2 67 98 24 9 10 12 42 56 49 1 78 66 40 95 3 40 37 61 5 29 33 33 32 13 76 22 80 94 41 36 97 8 86 73 69 48 37 12 5 86 65 35 4 5 30 7 97 67 68 54 49 53 40 33 67 16 55 99 62 96 87 11 56 74 84 25 22 73 37 79 59 54 66 15 11 97 23 9 16 43 15 65 49 55 98 68 71 5 67 86 53 55 97 9 81 82 87 55 7 76 87 67 31 53 34 42 2 57 3 19 53 19 36 2 26 35 22 50 92 89 36 46 96 33 55 29 67 94 85 75 71 24 94 54 77 28 48 80 38 52 51 43 23 87 45 49 74 67 51 67 8 87 13 57 73 20 86 40 15 23 67 38 47 61 44 77 42 92 9 80 44 60 23 19 47 20 21 74 39 72 41 99 12 54 56 85 74 43 77 41 18 45 31 66 58 75 43 52 68 52 32 64 64 7 36 63 79 57 37 70 81 78 22 93 84 
sum =13078

elements are:
78 30 11 73 8 52 92 5 36 10 15 11 53 68 31 57 52 48 21 12 36 84 91 93 22 14 26 52 36 72 37 66 2 48 92 62 52 84 19 88 46 35 52 99 3 35 8 7 35 29 19 71 65 11 16 87 77 43 92 65 67 29 31 21 77 75 84 29 11 55 70 57 42 22 56 45 9 64 53 45 45 24 16 11 35 85 50 64 80 42 29 47 71 13 68 0 88 4 82 0 60 52 57 2 26 66 0 35 82 5 80 28 29 49 91 17 86 41 33 66 84 63 13 7 28 33 8 16 38 90 68 50 94 78 4 20 44 56 55 26 61 88 6 43 37 97 12 23 39 45 41 75 60 6 34 88 39 94 57 77 36 25 79 30 55 84 50 51 40 6 78 54 46 36 97 83 34 61 58 25 6 51 52 67 57 86 7 96 81 64 26 17 42 5 0 97 41 50 49 82 8 79 88 54 67 37 89 53 98 99 78 4 50 82 23 7 69 31 56 2 47 34 71 89 39 71 39 33 22 40 15 82 71 3 37 38 40 26 92 90 78 22 94 28 5 70 88 26 53 96 28 0 30 51 42 21 23 33 54 97 73 21 79 96 76 16 86 68 95 30 
sum =12968

elements are:
58 73 53 5 53 10 75 93 36 28 41 16 80 71 67 22 45 90 55 99 87 80 21 67 76 97 35 63 18 82 93 76 7 98 81 13 8 8 6 96 88 0 12 69 71 80 43 16 22 51 68 62 31 41 29 60 90 16 23 8 99 68 85 6 19 18 19 79 79 78 76 67 78 40 88 1 72 32 70 47 83 38 9 66 79 90 26 69 6 1 78 57 70 15 64 41 85 35 72 64 13 0 32 43 41 72 45 65 4 67 12 39 5 21 6 36 11 32 57 70 34 87 27 56 2 43 49 40 79 21 4 44 22 88 40 15 61 37 80 17 4 45 9 61 66 67 97 30 51 6 0 37 94 79 93 48 23 94 88 54 68 93 50 90 33 90 57 46 27 89 16 83 34 25 44 53 44 93 83 95 0 35 33 94 66 78 42 41 73 31 95 41 76 98 83 61 88 40 8 68 81 24 51 16 1 96 69 45 89 4 92 89 91 25 35 57 4 78 99 29 61 46 70 89 44 5 50 33 97 10 53 78 86 4 94 87 0 15 84 42 71 77 31 62 2 19 20 58 97 71 87 10 17 9 99 14 66 1 99 63 12 52 42 98 56 88 86 9 56 22 51 27 51 34 90 6 53 62 64 2 
sum =14215

elements are:
85 4 12 2 65 63 68 32 65 67 95 77 71 89 75 28 30 13 89 86 88 40 13 39 26 55 45 32 17 10 34 2 66 99 57 31 62 25 15 27 45 11 4 16 52 32 96 82 97 85 68 85 77 34 25 4 89 70 36 7 32 22 61 50 21 18 82 84 96 49 63 93 60 20 61 65 52 58 99 1 43 68 87 21 54 64 77 43 34 65 2 19 87 16 69 61 86 3 97 34 53 60 27 65 32 89 82 36 47 82 38 42 2 25 15 56 89 44 51 75 9 6 46 49 22 16 10 8 71 59 43 76 19 70 42 52 11 24 40 10 6 78 53 8 3 20 16 44 65 68 72 74 74 18 75 96 34 85 56 58 44 99 34 16 22 28 20 85 5 60 96 11 39 1 72 94 21 40 91 86 8 63 13 34 81 88 82 68 26 39 78 70 90 12 38 64 93 10 50 98 71 98 61 62 99 33 8 72 26 51 59 34 14 72 21 48 12 3 68 38 94 46 61 85 58 99 1 51 62 3 1 85 1 63 47 52 48 7 25 74 59 36 61 25 8 82 73 72 85 41 11 80 87 72 17 98 23 18 1 85 74 3 70 75 18 69 80 66 29 5 41 88 41 2 13 1 84 39 73 21 32 36 53 20 8 70 70 32 41 23 
sum =14020

elements are:
69 15 78 92 42 96 61 22 63 90 79 56 30 20 10 96 73 94 35 47 67 67 83 21 39 44 43 61 28 36 85 97 3 15 89 46 12 3 20 27 93 0 83 24 72 93 72 46 39 7 93 58 26 28 79 18 72 75 79 0 11 16 50 15 32 91 13 96 94 33 75 40 85 58 16 58 3 88 4 94 95 49 52 73 29 84 91 2 59 23 54 22 91 56 37 75 48 2 71 94 88 46 34 73 56 50 83 11 38 39 57 85 88 10 59 18 94 2 72 5 25 78 27 17 87 17 44 87 19 16 81 59 14 68 33 23 18 68 86 9 8 44 46 48 54 57 18 0 60 90 57 37 21 84 6 8 53 51 95 25 67 28 84 33 96 69 8 67 38 95 76 46 39 22 46 45 80 65 97 92 7 54 29 28 90 88 88 44 39 35 21 58 64 5 91 60 75 52 27 65 47 55 63 86 78 9 83 10 74 80 54 82 86 35 62 76 23 51 72 62 86 93 20 2 51 64 63 78 16 42 43 15 98 58 53 28 67 36 90 94 16 44 28 54 31 90 30 55 93 55 17 32 0 90 34 3 6 49 81 74 92 76 89 90 34 42 70 54 78 60 48 46 4 28 0 35 70 82 42 16 89 12 48 90 54 34 93 60 36 27 86 80 3 75 22 90 69 92 44 99 
sum =15575

elements are:
52 44 45 8 72 97 95 94 31 38 10 21 50 10 11 56 97 56 16 33 83 2 13 39 29 35 29 98 79 73 97 31 69 94 39 93 43 86 87 74 24 50 95 26 60 58 82 57 67 50 42 2 4 7 41 33 94 70 83 73 95 32 4 16 26 95 9 21 82 49 96 58 99 43 37 59 54 19 69 21 22 63 23 26 71 17 12 17 39 47 91 87 80 47 3 58 95 65 80 77 14 28 87 13 71 24 24 25 96 45 98 18 9 74 44 32 91 8 49 30 56 92 17 36 40 73 46 35 38 26 64 52 54 51 17 78 28 93 3 24 39 2 42 0 28 38 84 19 99 85 1 55 78 19 43 70 92 89 57 30 68 21 34 74 24 51 52 52 44 8 28 35 62 22 87 90 61 71 9 60 9 10 67 87 81 10 9 25 51 66 7 71 39 41 46 15 44 50 20 41 58 48 28 20 71 16 10 84 39 71 44 48 34 63 87 15 73 48 41 76 14 0 48 5 42 46 21 38 96 41 79 55 89 8 75 12 76 38 96 15 61 92 16 95 55 55 11 80 4 4 57 70 56 57 76 98 3 97 89 99 38 20 6 79 28 34 92 56 72 40 24 33 33 92 81 88 47 92 21 51 48 78 22 4 87 50 55 90 47 44 41 85 64 48 16 45 82 60 53 6 1 77 39 34 69 20 74 17 64 95 
sum =15251

elements are:
20 64 25 94 21 12 44 76 54 43 72 96 80 88 96 97 85 78 57 91 84 10 68 75 96 90 48 23 59 64 70 31 81 96 26 2 60 22 30 67 66 54 15 46 94 11 95 32 41 53 23 25 15 91 52 12 33 52 35 92 17 5 24 98 53 2 0 66 24 82 33 42 36 48 89 30 11 36 62 52 89 37 29 57 29 81 69 14 34 4 7 3 61 31 53 15 85 5 81 9 87 66 4 23 14 45 5 25 81 20 77 23 57 6 80 38 39 49 53 25 5 60 28 18 43 81 33 80 86 66 41 73 32 45 48 98 90 6 23 72 26 52 47 35 10 27 74 50 28 79 75 85 39 56 3 34 37 89 66 76 55 7 1 88 53 2 86 95 8 62 19 86 66 66 21 77 93 47 27 21 26 54 58 17 62 62 3 52 51 69 28 6 77 81 46 82 83 85 77 43 99 97 29 65 63 3 42 9 50 21 82 29 28 41 46 90 3 2 42 6 71 22 12 0 4 11 82 39 48 12 83 47 9 12 64 24 67 59 33 70 80 68 99 60 9 97 51 64 51 45 70 23 68 34 75 72 45 58 11 45 22 46 44 83 11 9 7 78 68 93 0 0 13 51 61 22 49 12 38 52 9 8 75 77 42 3 1 40 13 65 85 35 11 30 18 22 91 77 53 59 22 53 11 35 5 72 57 6 36 95 58 46 55 86 23 98 89 77 90 2 
sum =15140

elements are:
42 27 37 53 9 7 28 0 84 81 11 7 86 23 42 91 95 52 49 84 99 8 30 55 46 5 5 35 82 95 89 76 22 78 82 32 85 10 84 21 43 96 80 29 71 75 73 18 27 22 2 78 82 84 33 28 90 90 63 24 85 4 1 60 82 35 44 67 45 28 41 40 76 21 21 47 96 94 18 75 69 20 54 51 5 39 80 47 30 95 23 67 0 76 79 82 11 23 2 8 4 95 48 32 16 70 32 65 16 50 92 85 70 98 37 27 38 69 26 20 64 2 39 16 78 19 51 42 94 5 50 50 0 51 83 68 73 15 85 89 65 78 27 87 76 64 67 66 85 45 86 49 47 78 18 26 49 69 68 43 74 70 94 26 21 77 94 46 44 80 88 9 10 15 48 86 31 15 5 16 13 43 17 60 21 35 38 70 56 58 14 30 29 60 8 2 89 55 49 33 35 89 94 97 4 42 35 35 10 40 51 75 84 68 35 5 4 74 28 60 32 94 43 13 54 3 16 43 58 17 28 45 6 74 42 62 68 78 97 30 18 0 5 2 68 41 60 24 67 88 37 51 82 32 65 88 87 33 83 46 50 63 91 8 37 86 70 5 64 19 36 34 19 41 89 39 34 49 16 1 89 5 53 23 89 18 63 76 3 46 22 5 61 66 13 98 52 35 3 68 6 39 2 77 33 91 68 67 92 36 69 33 41 74 8 82 44 71 59 47 69 33 52 30 51 17 28 3 4 84 
sum =15776

elements are:
71 10 23 26 39 8 17 7 76 62 44 97 95 37 71 4 20 15 27 31 14 97 64 18 27 68 35 8 71 91 92 95 53 67 21 92 76 90 99 52 52 95 1 0 33 72 56 5 39 83 36 53 80 52 23 8 20 58 68 44 49 60 39 2 27 12 46 55 2 97 59 7 93 60 7 78 84 63 35 23 46 23 28 79 75 51 39 48 61 7 44 62 67 35 64 46 47 62 2 49 60 61 8 53 22 15 83 6 30 18 82 29 41 62 8 68 66 47 68 27 6 12 90 25 47 6 71 94 69 25 96 29 87 4 34 61 72 17 19 2 87 53 83 28 16 91 96 82 90 65 61 48 77 3 73 77 10 97 23 31 22 71 12 61 28 98 22 0 15 94 54 2 47 38 82 15 81 78 49 24 95 11 72 25 14 46 2 76 95 77 59 17 49 71 79 77 69 53 29 36 47 35 90 47 73 72 14 7 3 64 31 98 27 55 23 93 53 77 22 48 55 81 66 4 5 97 33 26 50 62 15 50 97 5 97 23 30 63 82 33 27 65 31 6 20 7 52 26 84 74 74 39 7 92 95 64 41 28 91 92 42 58 94 92 15 43 67 45 6 49 78 86 14 62 92 86 21 44 12 5 70 39 97 30 83 44 94 25 73 37 17 67 95 11 11 11 54 78 8 12 79 39 98 45 1 43 32 74 39 96 79 10 35 28 40 71 73 86 96 98 24 65 65 71 28 29 34 34 7 43 46 87 82 97 32 35 40 16 9 79 
sum =16597

elements are:
13 40 41 0 69 33 71 42 20 19 40 96 84 57 67 64 86 2 98 46 45 97 33 79 94 17 14 86 34 23 65 99 63 7 51 32 92 75 26 12 94 18 8 31 28 28 95 14 30 46 12 27 95 97 6 89 15 20 75 1 95 92 52 58 51 3 43 44 78 21 56 25 40 17 56 20 45 3 86 27 1 99 54 96 96 60 85 63 80 12 16 27 5 68 85 56 24 80 52 54 54 9 31 94 78 87 66 75 43 52 2 44 51 56 41 0 16 78 63 48 91 32 75 48 52 12 56 76 45 9 83 99 70 14 45 48 54 11 23 97 63 25 93 67 33 34 67 49 65 82 49 8 14 24 56 19 88 12 47 33 21 30 32 43 97 77 91 51 88 66 0 4 43 93 71 76 80 90 77 45 72 26 53 39 2 61 10 91 73 57 76 47 88 9 90 85 38 34 88 79 52 88 83 96 33 6 72 13 48 2 10 72 28 15 63 83 76 73 26 2 31 2 1 19 63 91 56 2 77 44 81 30 84 16 26 17 74 50 31 22 4 93 94 85 9 10 68 37 83 94 39 14 48 40 85 12 84 93 66 61 37 99 43 21 15 21 91 41 24 74 15 28 67 61 13 76 71 81 14 55 27 5 69 28 46 7 40 82 0 6 43 90 5 39 63 72 60 54 65 84 28 80 13 96 41 26 24 65 60 90 20 39 96 41 67 94 0 59 28 1 65 23 91 22 62 54 46 23 61 11 59 89 91 72 37 85 51 14 50 63 4 22 2 52 15 22 98 16 81 26 
sum =17219

elements are:
17 99 50 60 21 12 66 68 87 27 31 47 69 75 71 6 60 22 72 62 37 77 36 92 81 51 14 80 67 47 58 36 98 8 48 20 73 15 40 12 94 23 59 63 98 83 22 58 5 94 72 95 23 8 87 5 12 53 37 31 0 47 68 99 8 68 71 33 83 63 45 30 86 57 45 85 40 19 95 45 66 20 92 89 80 79 46 92 84 35 24 85 83 44 36 91 12 59 24 48 74 21 78 12 78 23 97 18 95 45 16 61 65 8 50 97 40 49 90 24 84 66 61 19 10 49 62 74 8 38 22 34 60 52 47 38 28 96 9 23 93 25 84 58 85 86 56 25 35 98 50 72 64 63 91 26 13 54 0 73 92 75 8 52 27 7 43 7 3 52 30 97 29 66 7 14 53 15 40 88 13 42 12 29 5 4 55 18 10 8 92 2 83 52 7 62 59 50 70 62 54 0 11 83 19 19 97 72 34 89 12 0 31 25 81 37 81 37 7 91 45 99 93 80 3 0 42 62 2 12 77 8 65 88 91 84 59 89 8 94 78 20 46 62 97 27 99 78 16 6 69 13 58 15 93 61 67 36 76 70 0 53 78 65 41 22 1 1 63 9 47 41 82 45 3 79 24 54 58 41 13 79 54 71 94 48 84 62 36 60 84 36 13 14 54 7 36 55 60 99 65 59 93 99 4 48 78 28 3 88 21 68 68 76 39 14 76 23 76 12 36 60 48 49 27 2 8 63 10 68 15 27 27 8 26 83 56 4 64 11 45 85 79 13 13 70 27 89 46 56 1 82 68 2 83 95 56 92 59 66 
sum =17713

elements are:
60 26 93 40 34 19 23 42 76 39 6 21 25 85 34 90 8 13 80 54 21 33 36 90 35 19 85 92 11 96 58 24 22 4 16 8 23 91 51 99 31 57 20 8 94 6 98 2 72 30 8 93 64 96 83 51 16 21 43 79 17 54 55 92 58 71 0 33 63 3 85 94 60 5 2 7 64 52 61 36 83 70 29 47 66 65 50 34 86 94 66 55 0 21 47 10 93 0 95 8 3 80 2 16 86 56 23 2 60 36 38 43 58 19 42 77 84 93 11 22 39 29 78 91 51 77 53 96 77 48 4 81 29 58 97 67 66 72 69 26 8 7 22 19 78 16 96 63 61 59 37 0 89 15 43 92 45 96 40 22 45 96 55 74 6 52 41 72 76 10 50 37 69 72 56 47 41 52 62 2 63 0 3 4 67 98 96 12 95 88 87 40 84 42 14 90 47 7 14 23 69 17 60 90 89 16 89 82 20 52 85 36 4 40 40 71 38 89 36 33 77 23 73 14 65 39 56 64 98 71 88 19 88 48 9 29 17 99 12 89 3 49 25 7 89 66 30 79 55 66 13 84 89 38 98 7 30 55 71 80 78 11 0 18 12 61 99 81 12 11 70 15 12 48 22 53 14 5 33 21 71 98 57 13 88 56 72 18 63 95 51 41 7 51 11 19 64 10 0 77 74 22 92 86 70 67 40 36 72 25 9 95 23 67 8 11 75 80 82 38 76 33 31 35 36 42 6 0 4 58 77 78 80 22 17 3 41 9 91 13 34 1 8 57 20 69 20 95 1 54 85 77 87 68 64 75 62 70 28 66 28 5 97 9 79 14 64 20 23 55 
sum =17706

elements are:
85 57 8 46 66 28 15 38 75 16 93 12 46 32 80 10 8 94 81 36 61 61 93 10 22 73 24 86 45 99 94 31 8 2 77 74 83 92 64 58 60 57 23 6 42 55 69 50 50 2 38 63 63 83 73 86 8 97 72 54 48 66 37 56 21 14 82 4 58 46 14 18 56 37 77 98 93 46 0 43 48 90 6 11 73 31 97 34 80 22 88 28 40 25 84 61 91 18 65 49 64 80 67 20 69 96 18 62 42 70 57 42 60 15 54 86 46 3 20 78 77 8 6 18 85 42 31 76 60 97 77 25 29 96 97 50 93 68 65 35 38 22 78 99 90 84 85 88 39 57 67 17 65 73 87 2 16 18 30 28 67 7 53 48 3 3 99 48 71 64 36 61 38 14 12 28 50 49 17 89 6 36 58 23 9 45 25 77 64 7 6 31 14 11 80 70 66 31 18 37 95 54 51 33 20 63 14 22 13 83 12 19 19 22 43 80 68 20 58 32 28 16 15 94 79 47 64 46 78 35 35 73 89 86 59 62 2 73 84 15 56 48 86 75 71 29 55 39 2 65 23 82 33 38 76 13 86 93 11 64 28 98 90 69 85 49 31 39 22 16 54 30 64 40 57 35 22 64 26 76 30 49 58 63 88 86 28 26 79 91 90 59 90 80 29 27 81 60 66 55 28 72 85 45 12 42 32 86 59 59 62 89 8 72 4 48 59 85 74 38 28 17 98 18 49 79 97 83 39 15 38 20 87 76 65 52 70 97 90 29 56 53 18 17 25 75 17 36 12 44 75 40 13 25 11 62 4 60 45 95 76 36 67 15 12 32 67 82 82 58 12 90 63 82 7 40 9 77 77 21 
sum =19097

elements are:
21 4 14 34 81 25 48 37 85 46 84 13 82 52 29 46 36 48 28 70 58 92 61 73 27 20 66 36 97 43 10 18 99 76 4 32 1 53 69 38 51 5 4 33 9 85 79 46 33 59 68 44 4 29 17 31 50 83 19 99 78 29 18 29 5 74 13 58 79 34 49 30 40 5 63 49 90 94 47 75 6 16 71 10 97 41 41 47 76 60 47 55 42 17 36 99 43 50 10 23 84 11 53 76 68 69 78 58 15 77 85 21 93 57 83 43 98 24 42 74 37 89 81 31 58 70 82 54 72 44 77 8 55 82 85 23 51 63 33 19 40 71 92 86 28 76 81 78 52 23 52 41 13 86 72 23 56 7 77 28 51 6 36 59 89 73 34 92 88 68 11 81 91 4 67 19 32 48 49 84 23 1 26 88 39 50 12 47 57 41 27 61 48 16 20 37 89 54 81 78 74 93 59 65 49 78 36 81 78 85 65 1 39 43 90 78 46 54 26 3 95 5 16 95 21 36 84 11 43 66 41 17 11 52 35 60 30 71 93 60 57 58 13 96 54 55 26 0 9 4 55 57 10 72 52 31 8 89 94 51 55 35 21 18 87 56 78 69 27 71 81 36 81 95 84 87 50 11 87 12 67 95 69 29 67 73 61 27 62 7 79 69 95 52 39 82 8 17 4 87 40 85 24 74 32 8 13 83 71 1 95 91 48 16 20 15 89 33 42 4 41 73 25 36 25 65 70 85 34 26 73 27 12 97 1 96 57 66 79 81 67 26 72 15 42 92 82 84 26 25 88 67 50 65 55 76 30 25 61 17 4 86 44 16 35 97 64 93 63 44 26 83 22 98 50 17 90 33 1 68 10 41 87 60 58 42 88 89 20 2 
sum =19687

elements are:
6 24 88 2 92 24 99 56 69 62 52 95 45 27 93 96 44 35 29 97 4 39 90 43 51 48 86 40 89 58 42 47 34 82 49 26 58 48 34 27 11 87 74 8 66 19 4 10 7 85 59 63 76 49 6 28 49 92 20 39 2 14 86 36 96 88 62 7 36 49 34 99 88 61 8 54 32 12 16 39 50 75 2 26 76 9 6 25 53 26 64 56 92 3 92 89 91 7 96 79 56 82 79 44 95 39 50 28 3 66 67 53 41 22 32 17 31 38 94 84 17 59 92 9 14 85 50 57 44 46 36 0 81 67 96 28 6 46 56 10 12 76 15 5 98 47 74 81 86 68 17 3 79 10 12 45 47 15 2 91 13 91 43 94 10 91 75 17 89 83 79 53 59 94 58 9 94 84 42 80 52 60 35 84 70 99 29 69 14 84 60 28 75 55 74 85 46 1 54 87 85 85 40 96 32 98 6 26 82 0 58 86 60 93 70 82 44 52 51 59 36 63 39 63 70 65 48 16 67 55 3 52 40 95 48 72 93 6 98 27 59 56 66 19 1 88 2 46 92 5 57 28 69 48 91 39 13 92 8 32 47 63 36 87 59 85 12 4 43 10 84 2 19 2 74 20 90 28 18 83 33 27 63 54 75 55 94 41 99 54 73 46 69 10 85 80 47 97 85 42 60 21 97 79 23 71 51 65 51 22 0 84 49 64 39 77 71 85 18 70 91 43 68 60 5 53 41 4 3 78 99 63 99 48 42 74 19 45 39 22 67 92 6 17 8 97 94 79 34 64 1 25 59 21 86 65 74 79 21 77 57 20 92 56 68 34 30 39 80 21 13 99 13 20 16 21 69 62 52 4 26 5 29 86 26 67 3 53 46 76 82 3 49 75 11 69 61 93 61 93 
sum =20446
